#                   T = 1.60                    
#          r [Å]            g(r)           Δg(r)
  0.00000000E+00  0.00000000E+00  0.00000000E+00
  1.25000000E-01  0.00000000E+00  0.00000000E+00
  2.50000000E-01  0.00000000E+00  0.00000000E+00
  3.75000000E-01  0.00000000E+00  0.00000000E+00
  5.00000000E-01  0.00000000E+00  0.00000000E+00
  6.25000000E-01  0.00000000E+00  0.00000000E+00
  7.50000000E-01  0.00000000E+00  0.00000000E+00
  8.75000000E-01  0.00000000E+00  0.00000000E+00
  1.00000000E+00  4.23814545E-05  1.14456806E-05
  1.12500000E+00  5.21810090E-02  4.04236021E-04
  1.25000000E+00  9.49708948E-01  1.88578877E-03
  1.37500000E+00  3.94904263E+00  3.69256881E-03
  1.50000000E+00  8.46744021E+00  5.22103302E-03
  1.62500000E+00  1.27395622E+01  6.13921652E-03
  1.75000000E+00  1.54145540E+01  5.35655649E-03
  1.87500000E+00  1.61226800E+01  6.62371555E-03
  2.00000000E+00  1.52227553E+01  6.61175084E-03
  2.12500000E+00  1.33807841E+01  4.96344052E-03
  2.25000000E+00  1.12216690E+01  4.51965779E-03
  2.37500000E+00  9.20983902E+00  3.78895150E-03
  2.50000000E+00  7.62677508E+00  3.50716965E-03
  2.62500000E+00  6.57728670E+00  3.43542185E-03
  2.75000000E+00  6.05616735E+00  3.80058895E-03
  2.87500000E+00  6.00153495E+00  3.03455880E-03
  3.00000000E+00  6.27911573E+00  2.86065712E-03
  3.12500000E+00  6.74451864E+00  2.88561019E-03
  3.25000000E+00  7.24498077E+00  2.41571374E-03
  3.37500000E+00  7.63035930E+00  2.12056262E-03
  3.50000000E+00  7.81529061E+00  2.07580981E-03
  3.62500000E+00  7.76960160E+00  2.12829831E-03
  3.75000000E+00  7.49507919E+00  1.94111844E-03
  3.87500000E+00  7.03941243E+00  2.41379563E-03
  4.00000000E+00  6.47138922E+00  1.94422300E-03
  4.12500000E+00  5.86430313E+00  1.89287936E-03
  4.25000000E+00  5.30855636E+00  1.99278626E-03
  4.37500000E+00  4.87455741E+00  2.11014534E-03
  4.50000000E+00  4.61661289E+00  2.34018783E-03
  4.62500000E+00  4.55799139E+00  2.44057537E-03
  4.75000000E+00  4.67486370E+00  2.31790733E-03
  4.87500000E+00  4.90620750E+00  1.79710172E-03
  5.00000000E+00  5.16398245E+00  1.65404319E-03
  5.12500000E+00  5.36560422E+00  1.50045763E-03
  5.25000000E+00  5.44742939E+00  1.77667274E-03
  5.37500000E+00  5.38835537E+00  1.72251349E-03
  5.50000000E+00  5.21052000E+00  1.40208962E-03
  5.62500000E+00  4.95834427E+00  1.36528348E-03
  5.75000000E+00  4.68078300E+00  1.50168795E-03
  5.87500000E+00  4.42565997E+00  1.55368127E-03
  6.00000000E+00  4.22567917E+00  1.93119065E-03
  6.12500000E+00  4.10719502E+00  2.08250195E-03
  6.25000000E+00  4.07168078E+00  2.00151158E-03
  6.37500000E+00  4.11035522E+00  1.79289449E-03
  6.50000000E+00  4.20193623E+00  1.73995150E-03
  6.62500000E+00  4.31282261E+00  1.50911441E-03
  6.75000000E+00  4.40878061E+00  1.36204970E-03
  6.87500000E+00  4.46083558E+00  1.24702496E-03
  7.00000000E+00  4.45311648E+00  1.24609846E-03
  7.12500000E+00  4.38606142E+00  1.09535890E-03
  7.25000000E+00  4.27852840E+00  1.10293343E-03
  7.37500000E+00  4.15448182E+00  1.00835851E-03
  7.50000000E+00  4.04437827E+00  1.11784764E-03
  7.62500000E+00  3.97314176E+00  1.17560906E-03
  7.75000000E+00  3.95031840E+00  1.20154294E-03
  7.87500000E+00  3.96934373E+00  1.32316208E-03
  8.00000000E+00  4.01235157E+00  1.37732686E-03
  8.12500000E+00  4.05588168E+00  1.20708448E-03
  8.25000000E+00  4.08272484E+00  9.27954128E-04
  8.37500000E+00  4.08047751E+00  1.04125319E-03
  8.50000000E+00  4.04823521E+00  1.17090071E-03
  8.62500000E+00  3.98587871E+00  1.08026162E-03
  8.75000000E+00  3.89907260E+00  9.60767567E-04
  8.87500000E+00  3.79286897E+00  6.58478206E-04
  9.00000000E+00  3.67731489E+00  6.78312531E-04
  9.12500000E+00  3.56281514E+00  6.62424064E-04
  9.25000000E+00  3.46345468E+00  6.95374887E-04
  9.37500000E+00  3.38832514E+00  6.05363780E-04
  9.50000000E+00  3.34339703E+00  6.53624616E-04
  9.62500000E+00  3.32202540E+00  6.43668082E-04
  9.75000000E+00  3.31212073E+00  6.32928729E-04
  9.87500000E+00  3.29936488E+00  6.10076626E-04
  1.00000000E+01  3.27268607E+00  5.93385992E-04
  1.01200000E+01  3.22953106E+00  6.22453218E-04
  1.02500000E+01  3.16956554E+00  6.83509012E-04
  1.03800000E+01  3.08907664E+00  6.93460962E-04
  1.05000000E+01  2.98290344E+00  7.61775429E-04
  1.06200000E+01  2.85239371E+00  7.09629385E-04
  1.07500000E+01  2.70894486E+00  7.86566225E-04
  1.08800000E+01  2.56843610E+00  6.84912872E-04
  1.10000000E+01  2.43995364E+00  6.01885107E-04
  1.11200000E+01  2.32199544E+00  4.79653521E-04
  1.12500000E+01  2.21001680E+00  4.87526029E-04
  1.13800000E+01  2.10388006E+00  4.00744517E-04
  1.15000000E+01  2.00766534E+00  3.71892208E-04
  1.16200000E+01  1.92809831E+00  3.73618218E-04
  1.17500000E+01  1.86820549E+00  3.50179375E-04
  1.18800000E+01  1.82407003E+00  3.64624754E-04
  1.20000000E+01  1.78824702E+00  3.37337710E-04
  1.21200000E+01  1.75615434E+00  3.07440360E-04
  1.22500000E+01  1.72333175E+00  2.94717578E-04
  1.23800000E+01  1.69007130E+00  3.93972707E-04
  1.25000000E+01  1.65673794E+00  4.33044977E-04
  1.26200000E+01  1.62148873E+00  4.02577148E-04
  1.27500000E+01  1.58188264E+00  4.36812446E-04
  1.28800000E+01  1.53458313E+00  3.99088607E-04
  1.30000000E+01  1.47976512E+00  3.62353828E-04
  1.31200000E+01  1.42035852E+00  3.38874748E-04
  1.32500000E+01  1.36240831E+00  3.31190645E-04
  1.33800000E+01  1.31253216E+00  3.11450519E-04
  1.35000000E+01  1.27508005E+00  3.90286945E-04
  1.36200000E+01  1.25251424E+00  3.28450352E-04
  1.37500000E+01  1.24407047E+00  3.07791094E-04
  1.38800000E+01  1.24382306E+00  3.01783378E-04
  1.40000000E+01  1.24580260E+00  2.59590026E-04
  1.41200000E+01  1.24110890E+00  3.35754007E-04
  1.42500000E+01  1.22368690E+00  4.06580651E-04
  1.43800000E+01  1.16367022E+00  3.73134791E-04
  1.45000000E+01  1.03166525E+00  3.06624713E-04
  1.46200000E+01  9.11657172E-01  2.97957647E-04
  1.47500000E+01  8.39713106E-01  3.19877176E-04
  1.48800000E+01  7.84172755E-01  3.05657616E-04
  1.50000000E+01  7.41874845E-01  2.24337947E-04
  1.51200000E+01  7.12220587E-01  1.97209719E-04
  1.52500000E+01  6.83721904E-01  2.98666751E-04
  1.53800000E+01  6.48583550E-01  3.45562813E-04
  1.55000000E+01  6.04394818E-01  3.34811763E-04
  1.56200000E+01  5.49615197E-01  2.48569390E-04
  1.57500000E+01  4.87933616E-01  1.84509266E-04
  1.58800000E+01  4.25871186E-01  2.48096802E-04
  1.60000000E+01  3.72976090E-01  3.20944650E-04
  1.61200000E+01  3.34728477E-01  3.23822468E-04
  1.62500000E+01  3.07004613E-01  2.94795197E-04
  1.63800000E+01  2.82075391E-01  2.44743141E-04
  1.65000000E+01  2.56103333E-01  1.70590388E-04
  1.66200000E+01  2.31680923E-01  1.67035049E-04
  1.67500000E+01  2.11528222E-01  2.31332409E-04
  1.68800000E+01  1.92578333E-01  2.75770258E-04
  1.70000000E+01  1.68225154E-01  2.70159031E-04
  1.71200000E+01  1.37261657E-01  1.84173967E-04
  1.72500000E+01  1.04114655E-01  1.20638260E-04
  1.73800000E+01  7.30618728E-02  1.02548937E-04
  1.75000000E+01  4.55395595E-02  9.85425491E-05
  1.76200000E+01  2.34925594E-02  8.31545647E-05
  1.77500000E+01  9.28829002E-03  4.83394908E-05
  1.78800000E+01  2.54200387E-03  1.76130714E-05
  1.80000000E+01  4.10010326E-04  4.24095043E-06
  1.81200000E+01  2.98413418E-05  6.93397886E-07
  1.82500000E+01  6.94613091E-07  1.05695576E-07
  1.83800000E+01  0.00000000E+00  0.00000000E+00
  1.85000000E+01  0.00000000E+00  0.00000000E+00
  1.86200000E+01  0.00000000E+00  0.00000000E+00
  1.87500000E+01  0.00000000E+00  0.00000000E+00
  1.88800000E+01  0.00000000E+00  0.00000000E+00
  1.90000000E+01  0.00000000E+00  0.00000000E+00
  1.91200000E+01  0.00000000E+00  0.00000000E+00
  1.92500000E+01  0.00000000E+00  0.00000000E+00
  1.93800000E+01  0.00000000E+00  0.00000000E+00
  1.95000000E+01  0.00000000E+00  0.00000000E+00
  1.96200000E+01  0.00000000E+00  0.00000000E+00
  1.97500000E+01  0.00000000E+00  0.00000000E+00
  1.98800000E+01  0.00000000E+00  0.00000000E+00
  2.00000000E+01  0.00000000E+00  0.00000000E+00
  2.01200000E+01  0.00000000E+00  0.00000000E+00
  2.02500000E+01  0.00000000E+00  0.00000000E+00
  2.03800000E+01  0.00000000E+00  0.00000000E+00
  2.05000000E+01  0.00000000E+00  0.00000000E+00
  2.06200000E+01  0.00000000E+00  0.00000000E+00
  2.07500000E+01  0.00000000E+00  0.00000000E+00
  2.08800000E+01  0.00000000E+00  0.00000000E+00
  2.10000000E+01  0.00000000E+00  0.00000000E+00
  2.11200000E+01  0.00000000E+00  0.00000000E+00
  2.12500000E+01  0.00000000E+00  0.00000000E+00
  2.13800000E+01  0.00000000E+00  0.00000000E+00
  2.15000000E+01  0.00000000E+00  0.00000000E+00
  2.16200000E+01  0.00000000E+00  0.00000000E+00
  2.17500000E+01  0.00000000E+00  0.00000000E+00
  2.18800000E+01  0.00000000E+00  0.00000000E+00
  2.20000000E+01  0.00000000E+00  0.00000000E+00
  2.21200000E+01  0.00000000E+00  0.00000000E+00
  2.22500000E+01  0.00000000E+00  0.00000000E+00
  2.23800000E+01  0.00000000E+00  0.00000000E+00
  2.25000000E+01  0.00000000E+00  0.00000000E+00
  2.26200000E+01  0.00000000E+00  0.00000000E+00
  2.27500000E+01  0.00000000E+00  0.00000000E+00
  2.28800000E+01  0.00000000E+00  0.00000000E+00
  2.30000000E+01  0.00000000E+00  0.00000000E+00
  2.31200000E+01  0.00000000E+00  0.00000000E+00
  2.32500000E+01  0.00000000E+00  0.00000000E+00
  2.33800000E+01  0.00000000E+00  0.00000000E+00
  2.35000000E+01  0.00000000E+00  0.00000000E+00
  2.36200000E+01  0.00000000E+00  0.00000000E+00
  2.37500000E+01  0.00000000E+00  0.00000000E+00
  2.38800000E+01  0.00000000E+00  0.00000000E+00
  2.40000000E+01  0.00000000E+00  0.00000000E+00
  2.41200000E+01  0.00000000E+00  0.00000000E+00
  2.42500000E+01  0.00000000E+00  0.00000000E+00
  2.43800000E+01  0.00000000E+00  0.00000000E+00
  2.45000000E+01  0.00000000E+00  0.00000000E+00
  2.46200000E+01  0.00000000E+00  0.00000000E+00
  2.47500000E+01  0.00000000E+00  0.00000000E+00
  2.48800000E+01  0.00000000E+00  0.00000000E+00
