#                   T = 1.60                    
#          r [Å]            g(r)           Δg(r)
  0.00000000E+00  0.00000000E+00  0.00000000E+00
  1.25000000E-01  0.00000000E+00  0.00000000E+00
  2.50000000E-01  0.00000000E+00  0.00000000E+00
  3.75000000E-01  0.00000000E+00  0.00000000E+00
  5.00000000E-01  0.00000000E+00  0.00000000E+00
  6.25000000E-01  0.00000000E+00  0.00000000E+00
  7.50000000E-01  0.00000000E+00  0.00000000E+00
  8.75000000E-01  0.00000000E+00  0.00000000E+00
  1.00000000E+00  4.31249958E-05  1.00841161E-05
  1.12500000E+00  5.06452404E-02  4.48207279E-04
  1.25000000E+00  9.35747608E-01  2.04633430E-03
  1.37500000E+00  3.88371327E+00  4.19791523E-03
  1.50000000E+00  8.31398297E+00  5.76093753E-03
  1.62500000E+00  1.24674611E+01  6.90321825E-03
  1.75000000E+00  1.49935119E+01  5.61546436E-03
  1.87500000E+00  1.55538378E+01  5.79982947E-03
  2.00000000E+00  1.45443532E+01  5.94042797E-03
  2.12500000E+00  1.26494908E+01  5.93779015E-03
  2.25000000E+00  1.05352762E+01  4.11849242E-03
  2.37500000E+00  8.65991142E+00  3.69068882E-03
  2.50000000E+00  7.29165909E+00  3.43447609E-03
  2.62500000E+00  6.51439381E+00  3.34180028E-03
  2.75000000E+00  6.29062221E+00  3.19359134E-03
  2.87500000E+00  6.52602712E+00  2.88434635E-03
  3.00000000E+00  7.05751817E+00  2.88447844E-03
  3.12500000E+00  7.70415113E+00  3.48831128E-03
  3.25000000E+00  8.28338295E+00  3.52776878E-03
  3.37500000E+00  8.67143948E+00  3.42566553E-03
  3.50000000E+00  8.79755462E+00  3.17520779E-03
  3.62500000E+00  8.66891214E+00  3.03021065E-03
  3.75000000E+00  8.31919060E+00  3.07007327E-03
  3.87500000E+00  7.83620580E+00  2.89238533E-03
  4.00000000E+00  7.29247600E+00  2.57202714E-03
  4.12500000E+00  6.78160429E+00  2.22179544E-03
  4.25000000E+00  6.38332783E+00  2.38750940E-03
  4.37500000E+00  6.14957194E+00  2.35490433E-03
  4.50000000E+00  6.09387246E+00  2.39983694E-03
  4.62500000E+00  6.19450337E+00  2.53226000E-03
  4.75000000E+00  6.38627450E+00  2.51373576E-03
  4.87500000E+00  6.58929577E+00  2.52874100E-03
  5.00000000E+00  6.72009217E+00  2.43004636E-03
  5.12500000E+00  6.72777984E+00  2.09526143E-03
  5.25000000E+00  6.59817188E+00  2.12719369E-03
  5.37500000E+00  6.35859931E+00  1.96020066E-03
  5.50000000E+00  6.06046204E+00  1.85937158E-03
  5.62500000E+00  5.75932295E+00  1.77090942E-03
  5.75000000E+00  5.50161609E+00  1.70747187E-03
  5.87500000E+00  5.32246957E+00  1.61817632E-03
  6.00000000E+00  5.23003091E+00  1.59796280E-03
  6.12500000E+00  5.21734747E+00  1.83577134E-03
  6.25000000E+00  5.25985734E+00  1.96091706E-03
  6.37500000E+00  5.32918175E+00  1.94796812E-03
  6.50000000E+00  5.38773345E+00  1.69518871E-03
  6.62500000E+00  5.40581417E+00  1.44852368E-03
  6.75000000E+00  5.36676851E+00  1.29436813E-03
  6.87500000E+00  5.26257012E+00  1.22165982E-03
  7.00000000E+00  5.09741951E+00  1.30455645E-03
  7.12500000E+00  4.89219050E+00  1.14381108E-03
  7.25000000E+00  4.67599146E+00  1.15355874E-03
  7.37500000E+00  4.48012296E+00  1.01583641E-03
  7.50000000E+00  4.33527965E+00  1.12072369E-03
  7.62500000E+00  4.25194940E+00  1.09411965E-03
  7.75000000E+00  4.22248142E+00  1.05360919E-03
  7.87500000E+00  4.22407135E+00  1.10737645E-03
  8.00000000E+00  4.23691208E+00  9.40809973E-04
  8.12500000E+00  4.24350808E+00  9.51789748E-04
  8.25000000E+00  4.23440781E+00  1.02961341E-03
  8.37500000E+00  4.20220604E+00  1.06233254E-03
  8.50000000E+00  4.14039505E+00  8.57364879E-04
  8.62500000E+00  4.03883850E+00  8.03830422E-04
  8.75000000E+00  3.89775446E+00  8.14946759E-04
  8.87500000E+00  3.72632228E+00  9.83831519E-04
  9.00000000E+00  3.54476960E+00  1.01851835E-03
  9.12500000E+00  3.38209049E+00  9.68199951E-04
  9.25000000E+00  3.25876158E+00  8.76866383E-04
  9.37500000E+00  3.18346007E+00  7.48833318E-04
  9.50000000E+00  3.14364014E+00  6.24531964E-04
  9.62500000E+00  3.11848425E+00  7.33648550E-04
  9.75000000E+00  3.08715563E+00  6.18236877E-04
  9.87500000E+00  3.04539472E+00  6.57561355E-04
  1.00000000E+01  2.99666945E+00  5.40886342E-04
  1.01200000E+01  2.94777672E+00  6.17277271E-04
  1.02500000E+01  2.89122809E+00  6.00051515E-04
  1.03800000E+01  2.81339914E+00  6.20809436E-04
  1.05000000E+01  2.70522550E+00  5.84603347E-04
  1.06200000E+01  2.56931788E+00  6.36347104E-04
  1.07500000E+01  2.42516530E+00  6.62439706E-04
  1.08800000E+01  2.29169569E+00  6.96472592E-04
  1.10000000E+01  2.18233353E+00  6.76326840E-04
  1.11200000E+01  2.10177931E+00  5.03830869E-04
  1.12500000E+01  2.04700323E+00  4.28638266E-04
  1.13800000E+01  2.01113452E+00  4.27794406E-04
  1.15000000E+01  1.98063124E+00  4.74298813E-04
  1.16200000E+01  1.94206269E+00  5.92476103E-04
  1.17500000E+01  1.88853745E+00  6.10834167E-04
  1.18800000E+01  1.82143763E+00  5.43178436E-04
  1.20000000E+01  1.74785039E+00  4.07489951E-04
  1.21200000E+01  1.67658237E+00  3.80330041E-04
  1.22500000E+01  1.61283096E+00  4.69587238E-04
  1.23800000E+01  1.55881763E+00  5.56006550E-04
  1.25000000E+01  1.51450305E+00  4.88201653E-04
  1.26200000E+01  1.48101036E+00  4.47631393E-04
  1.27500000E+01  1.45871766E+00  3.59215761E-04
  1.28800000E+01  1.44580877E+00  3.08928769E-04
  1.30000000E+01  1.43849387E+00  3.49837306E-04
  1.31200000E+01  1.42966042E+00  4.24512341E-04
  1.32500000E+01  1.41240576E+00  4.61949178E-04
  1.33800000E+01  1.38048823E+00  4.92232774E-04
  1.35000000E+01  1.33324278E+00  4.43389825E-04
  1.36200000E+01  1.27537766E+00  3.28071266E-04
  1.37500000E+01  1.21541465E+00  3.23864010E-04
  1.38800000E+01  1.16249947E+00  4.17973058E-04
  1.40000000E+01  1.12354629E+00  4.63153115E-04
  1.41200000E+01  1.10346509E+00  4.33934920E-04
  1.42500000E+01  1.10047870E+00  3.53475754E-04
  1.43800000E+01  1.08679764E+00  2.68987474E-04
  1.45000000E+01  1.02222903E+00  2.37323244E-04
  1.46200000E+01  9.74639314E-01  3.57410863E-04
  1.47500000E+01  9.14382560E-01  4.44498634E-04
  1.48800000E+01  8.38535817E-01  4.64169132E-04
  1.50000000E+01  7.49384440E-01  4.17582228E-04
  1.51200000E+01  6.54780765E-01  3.01791396E-04
  1.52500000E+01  5.60397812E-01  2.70083792E-04
  1.53800000E+01  4.74427037E-01  3.47606986E-04
  1.55000000E+01  4.05686212E-01  4.39833257E-04
  1.56200000E+01  3.61225182E-01  3.83553378E-04
  1.57500000E+01  3.39758900E-01  2.66779538E-04
  1.58800000E+01  3.30669854E-01  1.54271017E-04
  1.60000000E+01  3.21178062E-01  1.85467821E-04
  1.61200000E+01  3.03911366E-01  2.40659896E-04
  1.62500000E+01  2.79010553E-01  2.79634643E-04
  1.63800000E+01  2.46958683E-01  2.53758462E-04
  1.65000000E+01  2.07093845E-01  2.19577962E-04
  1.66200000E+01  1.62395853E-01  1.52984168E-04
  1.67500000E+01  1.20354913E-01  1.19886399E-04
  1.68800000E+01  8.86907658E-02  1.16317545E-04
  1.70000000E+01  6.94706739E-02  1.12410334E-04
  1.71200000E+01  5.90944056E-02  1.05903273E-04
  1.72500000E+01  5.26308559E-02  6.79788732E-05
  1.73800000E+01  4.63075321E-02  4.45691677E-05
  1.75000000E+01  3.72542621E-02  4.71654839E-05
  1.76200000E+01  2.50159615E-02  5.06695794E-05
  1.77500000E+01  1.25528509E-02  3.59872905E-05
  1.78800000E+01  4.10828647E-03  1.67789617E-05
  1.80000000E+01  7.23578623E-04  5.56729809E-06
  1.81200000E+01  5.16577541E-05  1.06730276E-06
  1.82500000E+01  9.43890321E-07  1.31090998E-07
  1.83800000E+01  0.00000000E+00  0.00000000E+00
  1.85000000E+01  0.00000000E+00  0.00000000E+00
  1.86200000E+01  0.00000000E+00  0.00000000E+00
  1.87500000E+01  0.00000000E+00  0.00000000E+00
  1.88800000E+01  0.00000000E+00  0.00000000E+00
  1.90000000E+01  0.00000000E+00  0.00000000E+00
  1.91200000E+01  0.00000000E+00  0.00000000E+00
  1.92500000E+01  0.00000000E+00  0.00000000E+00
  1.93800000E+01  0.00000000E+00  0.00000000E+00
  1.95000000E+01  0.00000000E+00  0.00000000E+00
  1.96200000E+01  0.00000000E+00  0.00000000E+00
  1.97500000E+01  0.00000000E+00  0.00000000E+00
  1.98800000E+01  0.00000000E+00  0.00000000E+00
  2.00000000E+01  0.00000000E+00  0.00000000E+00
  2.01200000E+01  0.00000000E+00  0.00000000E+00
  2.02500000E+01  0.00000000E+00  0.00000000E+00
  2.03800000E+01  0.00000000E+00  0.00000000E+00
  2.05000000E+01  0.00000000E+00  0.00000000E+00
  2.06200000E+01  0.00000000E+00  0.00000000E+00
  2.07500000E+01  0.00000000E+00  0.00000000E+00
  2.08800000E+01  0.00000000E+00  0.00000000E+00
  2.10000000E+01  0.00000000E+00  0.00000000E+00
  2.11200000E+01  0.00000000E+00  0.00000000E+00
  2.12500000E+01  0.00000000E+00  0.00000000E+00
  2.13800000E+01  0.00000000E+00  0.00000000E+00
  2.15000000E+01  0.00000000E+00  0.00000000E+00
  2.16200000E+01  0.00000000E+00  0.00000000E+00
  2.17500000E+01  0.00000000E+00  0.00000000E+00
  2.18800000E+01  0.00000000E+00  0.00000000E+00
  2.20000000E+01  0.00000000E+00  0.00000000E+00
  2.21200000E+01  0.00000000E+00  0.00000000E+00
  2.22500000E+01  0.00000000E+00  0.00000000E+00
  2.23800000E+01  0.00000000E+00  0.00000000E+00
  2.25000000E+01  0.00000000E+00  0.00000000E+00
  2.26200000E+01  0.00000000E+00  0.00000000E+00
  2.27500000E+01  0.00000000E+00  0.00000000E+00
  2.28800000E+01  0.00000000E+00  0.00000000E+00
  2.30000000E+01  0.00000000E+00  0.00000000E+00
  2.31200000E+01  0.00000000E+00  0.00000000E+00
  2.32500000E+01  0.00000000E+00  0.00000000E+00
  2.33800000E+01  0.00000000E+00  0.00000000E+00
  2.35000000E+01  0.00000000E+00  0.00000000E+00
  2.36200000E+01  0.00000000E+00  0.00000000E+00
  2.37500000E+01  0.00000000E+00  0.00000000E+00
  2.38800000E+01  0.00000000E+00  0.00000000E+00
  2.40000000E+01  0.00000000E+00  0.00000000E+00
  2.41200000E+01  0.00000000E+00  0.00000000E+00
  2.42500000E+01  0.00000000E+00  0.00000000E+00
  2.43800000E+01  0.00000000E+00  0.00000000E+00
  2.45000000E+01  0.00000000E+00  0.00000000E+00
  2.46200000E+01  0.00000000E+00  0.00000000E+00
  2.47500000E+01  0.00000000E+00  0.00000000E+00
  2.48800000E+01  0.00000000E+00  0.00000000E+00
