#                   T = 1.60                    
#          r [Å]            g(r)           Δg(r)
  0.00000000E+00  0.00000000E+00  0.00000000E+00
  1.25000000E-01  0.00000000E+00  0.00000000E+00
  2.50000000E-01  0.00000000E+00  0.00000000E+00
  3.75000000E-01  0.00000000E+00  0.00000000E+00
  5.00000000E-01  0.00000000E+00  0.00000000E+00
  6.25000000E-01  0.00000000E+00  0.00000000E+00
  7.50000000E-01  0.00000000E+00  0.00000000E+00
  8.75000000E-01  0.00000000E+00  0.00000000E+00
  1.00000000E+00  3.12946972E-05  8.15265931E-06
  1.12500000E+00  6.37833834E-02  5.96368002E-04
  1.25000000E+00  1.15083081E+00  3.25753634E-03
  1.37500000E+00  4.73010914E+00  5.56081940E-03
  1.50000000E+00  9.91901524E+00  7.16996540E-03
  1.62500000E+00  1.44797742E+01  7.38521486E-03
  1.75000000E+00  1.67907712E+01  8.90964771E-03
  1.87500000E+00  1.66381059E+01  8.74755308E-03
  2.00000000E+00  1.47314658E+01  7.34397776E-03
  2.12500000E+00  1.20745671E+01  5.37239122E-03
  2.25000000E+00  9.49580563E+00  4.81180231E-03
  2.37500000E+00  7.50052489E+00  4.05373107E-03
  2.50000000E+00  6.26134100E+00  4.50912732E-03
  2.62500000E+00  5.81338401E+00  4.95120233E-03
  2.75000000E+00  6.04622866E+00  4.03349321E-03
  2.87500000E+00  6.76151789E+00  4.05622040E-03
  3.00000000E+00  7.73494203E+00  4.15441850E-03
  3.12500000E+00  8.69923645E+00  4.68911596E-03
  3.25000000E+00  9.43220175E+00  4.70992070E-03
  3.37500000E+00  9.79518788E+00  4.67351500E-03
  3.50000000E+00  9.75005053E+00  4.30351740E-03
  3.62500000E+00  9.33870828E+00  3.94832662E-03
  3.75000000E+00  8.67459131E+00  3.77111125E-03
  3.87500000E+00  7.88174298E+00  2.97816099E-03
  4.00000000E+00  7.11401431E+00  2.72354131E-03
  4.12500000E+00  6.51086371E+00  2.91847668E-03
  4.25000000E+00  6.17307773E+00  3.06068262E-03
  4.37500000E+00  6.12233402E+00  2.74797640E-03
  4.50000000E+00  6.33201264E+00  2.62022319E-03
  4.62500000E+00  6.69330565E+00  3.37829485E-03
  4.75000000E+00  7.07698498E+00  3.91256223E-03
  4.87500000E+00  7.35081341E+00  4.08965128E-03
  5.00000000E+00  7.44766544E+00  4.03792344E-03
  5.12500000E+00  7.33495987E+00  3.72596749E-03
  5.25000000E+00  7.04468297E+00  3.15918531E-03
  5.37500000E+00  6.64690214E+00  2.97834998E-03
  5.50000000E+00  6.22161560E+00  2.63486832E-03
  5.62500000E+00  5.85336271E+00  2.37448763E-03
  5.75000000E+00  5.58850700E+00  1.94322628E-03
  5.87500000E+00  5.45426086E+00  2.12304324E-03
  6.00000000E+00  5.43784018E+00  1.76397813E-03
  6.12500000E+00  5.50202101E+00  2.17943516E-03
  6.25000000E+00  5.58673310E+00  2.37447258E-03
  6.37500000E+00  5.64722586E+00  2.28483793E-03
  6.50000000E+00  5.65857998E+00  2.44924615E-03
  6.62500000E+00  5.60503045E+00  2.48971227E-03
  6.75000000E+00  5.48934174E+00  2.64519871E-03
  6.87500000E+00  5.32596199E+00  2.21451303E-03
  7.00000000E+00  5.12539634E+00  1.91865012E-03
  7.12500000E+00  4.91672094E+00  2.12466277E-03
  7.25000000E+00  4.72763382E+00  2.34844447E-03
  7.37500000E+00  4.58428496E+00  2.27357587E-03
  7.50000000E+00  4.49611053E+00  2.05778632E-03
  7.62500000E+00  4.44704367E+00  1.91331768E-03
  7.75000000E+00  4.40545562E+00  1.89722806E-03
  7.87500000E+00  4.34703120E+00  2.19657055E-03
  8.00000000E+00  4.26619547E+00  1.93021332E-03
  8.12500000E+00  4.17588711E+00  1.79998199E-03
  8.25000000E+00  4.09145187E+00  1.65693507E-03
  8.37500000E+00  4.02597244E+00  1.48320783E-03
  8.50000000E+00  3.97626954E+00  1.55924032E-03
  8.62500000E+00  3.92707530E+00  1.65534702E-03
  8.75000000E+00  3.85494208E+00  1.80079440E-03
  8.87500000E+00  3.74534287E+00  1.74085007E-03
  9.00000000E+00  3.60355840E+00  1.38002322E-03
  9.12500000E+00  3.44315427E+00  1.69460182E-03
  9.25000000E+00  3.29340231E+00  1.76309145E-03
  9.37500000E+00  3.17693790E+00  1.62396662E-03
  9.50000000E+00  3.09635311E+00  1.37727155E-03
  9.62500000E+00  3.04345393E+00  1.36574531E-03
  9.75000000E+00  3.00017679E+00  1.50355109E-03
  9.87500000E+00  2.95594028E+00  1.44128003E-03
  1.00000000E+01  2.90447542E+00  1.42949196E-03
  1.01200000E+01  2.84810180E+00  1.41289658E-03
  1.02500000E+01  2.78417692E+00  1.47780173E-03
  1.03800000E+01  2.70684006E+00  1.42924864E-03
  1.05000000E+01  2.61149190E+00  1.46736868E-03
  1.06200000E+01  2.50106094E+00  1.32611916E-03
  1.07500000E+01  2.38714067E+00  1.43841775E-03
  1.08800000E+01  2.28160602E+00  1.33218521E-03
  1.10000000E+01  2.19332889E+00  1.20372193E-03
  1.11200000E+01  2.12027953E+00  1.17810920E-03
  1.12500000E+01  2.05768753E+00  1.16515042E-03
  1.13800000E+01  2.00023537E+00  1.32141612E-03
  1.15000000E+01  1.94203971E+00  1.27560114E-03
  1.16200000E+01  1.87975491E+00  1.01589467E-03
  1.17500000E+01  1.81611470E+00  1.08129218E-03
  1.18800000E+01  1.75642722E+00  1.31657399E-03
  1.20000000E+01  1.70556294E+00  1.33020269E-03
  1.21200000E+01  1.66250333E+00  1.29319228E-03
  1.22500000E+01  1.62496712E+00  1.29416378E-03
  1.23800000E+01  1.58887674E+00  1.13177509E-03
  1.25000000E+01  1.55095437E+00  9.61937967E-04
  1.26200000E+01  1.51210043E+00  1.00386395E-03
  1.27500000E+01  1.47163947E+00  1.17679669E-03
  1.28800000E+01  1.43352873E+00  1.36394702E-03
  1.30000000E+01  1.40079710E+00  1.22491455E-03
  1.31200000E+01  1.37221376E+00  9.97616956E-04
  1.32500000E+01  1.34631331E+00  7.64481306E-04
  1.33800000E+01  1.32138344E+00  8.68535844E-04
  1.35000000E+01  1.29505332E+00  1.11573087E-03
  1.36200000E+01  1.26700619E+00  1.19100348E-03
  1.37500000E+01  1.23760926E+00  1.09931121E-03
  1.38800000E+01  1.20850502E+00  9.07037584E-04
  1.40000000E+01  1.18082881E+00  7.09953280E-04
  1.41200000E+01  1.15470093E+00  7.36224247E-04
  1.42500000E+01  1.12984146E+00  9.51106974E-04
  1.43800000E+01  1.09302686E+00  1.17645474E-03
  1.45000000E+01  9.97851411E-01  1.23950939E-03
  1.46200000E+01  9.03957408E-01  1.09130634E-03
  1.47500000E+01  8.24942032E-01  7.86355930E-04
  1.48800000E+01  7.46786431E-01  6.12327327E-04
  1.50000000E+01  6.81952739E-01  8.97446288E-04
  1.51200000E+01  6.25058968E-01  1.17025107E-03
  1.52500000E+01  5.66861221E-01  1.21027211E-03
  1.53800000E+01  5.07512467E-01  9.98767150E-04
  1.55000000E+01  4.53119493E-01  5.94774481E-04
  1.56200000E+01  4.03571751E-01  3.54176804E-04
  1.57500000E+01  3.56371884E-01  5.43488738E-04
  1.58800000E+01  3.10157749E-01  7.71507757E-04
  1.60000000E+01  2.67008422E-01  8.03068581E-04
  1.61200000E+01  2.31427187E-01  6.76754809E-04
  1.62500000E+01  2.05356727E-01  4.89385159E-04
  1.63800000E+01  1.86166093E-01  2.58334405E-04
  1.65000000E+01  1.68460360E-01  2.58597905E-04
  1.66200000E+01  1.47467637E-01  4.26918077E-04
  1.67500000E+01  1.22540272E-01  4.81576363E-04
  1.68800000E+01  9.84705081E-02  4.23677951E-04
  1.70000000E+01  7.95214453E-02  3.08954788E-04
  1.71200000E+01  6.56386450E-02  1.81930584E-04
  1.72500000E+01  5.32294138E-02  6.51516070E-05
  1.73800000E+01  4.09045267E-02  1.05616503E-04
  1.75000000E+01  2.86242571E-02  1.61754550E-04
  1.76200000E+01  1.73219800E-02  1.44049433E-04
  1.77500000E+01  8.10132002E-03  8.28207742E-05
  1.78800000E+01  2.57104219E-03  3.33314797E-05
  1.80000000E+01  4.59090996E-04  6.33030601E-06
  1.81200000E+01  3.52750760E-05  1.15885469E-06
  1.82500000E+01  6.80728311E-07  1.09926962E-07
  1.83800000E+01  0.00000000E+00  0.00000000E+00
  1.85000000E+01  0.00000000E+00  0.00000000E+00
  1.86200000E+01  0.00000000E+00  0.00000000E+00
  1.87500000E+01  0.00000000E+00  0.00000000E+00
  1.88800000E+01  0.00000000E+00  0.00000000E+00
  1.90000000E+01  0.00000000E+00  0.00000000E+00
  1.91200000E+01  0.00000000E+00  0.00000000E+00
  1.92500000E+01  0.00000000E+00  0.00000000E+00
  1.93800000E+01  0.00000000E+00  0.00000000E+00
  1.95000000E+01  0.00000000E+00  0.00000000E+00
  1.96200000E+01  0.00000000E+00  0.00000000E+00
  1.97500000E+01  0.00000000E+00  0.00000000E+00
  1.98800000E+01  0.00000000E+00  0.00000000E+00
  2.00000000E+01  0.00000000E+00  0.00000000E+00
  2.01200000E+01  0.00000000E+00  0.00000000E+00
  2.02500000E+01  0.00000000E+00  0.00000000E+00
  2.03800000E+01  0.00000000E+00  0.00000000E+00
  2.05000000E+01  0.00000000E+00  0.00000000E+00
  2.06200000E+01  0.00000000E+00  0.00000000E+00
  2.07500000E+01  0.00000000E+00  0.00000000E+00
  2.08800000E+01  0.00000000E+00  0.00000000E+00
  2.10000000E+01  0.00000000E+00  0.00000000E+00
  2.11200000E+01  0.00000000E+00  0.00000000E+00
  2.12500000E+01  0.00000000E+00  0.00000000E+00
  2.13800000E+01  0.00000000E+00  0.00000000E+00
  2.15000000E+01  0.00000000E+00  0.00000000E+00
  2.16200000E+01  0.00000000E+00  0.00000000E+00
  2.17500000E+01  0.00000000E+00  0.00000000E+00
  2.18800000E+01  0.00000000E+00  0.00000000E+00
  2.20000000E+01  0.00000000E+00  0.00000000E+00
  2.21200000E+01  0.00000000E+00  0.00000000E+00
  2.22500000E+01  0.00000000E+00  0.00000000E+00
  2.23800000E+01  0.00000000E+00  0.00000000E+00
  2.25000000E+01  0.00000000E+00  0.00000000E+00
  2.26200000E+01  0.00000000E+00  0.00000000E+00
  2.27500000E+01  0.00000000E+00  0.00000000E+00
  2.28800000E+01  0.00000000E+00  0.00000000E+00
  2.30000000E+01  0.00000000E+00  0.00000000E+00
  2.31200000E+01  0.00000000E+00  0.00000000E+00
  2.32500000E+01  0.00000000E+00  0.00000000E+00
  2.33800000E+01  0.00000000E+00  0.00000000E+00
  2.35000000E+01  0.00000000E+00  0.00000000E+00
  2.36200000E+01  0.00000000E+00  0.00000000E+00
  2.37500000E+01  0.00000000E+00  0.00000000E+00
  2.38800000E+01  0.00000000E+00  0.00000000E+00
  2.40000000E+01  0.00000000E+00  0.00000000E+00
  2.41200000E+01  0.00000000E+00  0.00000000E+00
  2.42500000E+01  0.00000000E+00  0.00000000E+00
  2.43800000E+01  0.00000000E+00  0.00000000E+00
  2.45000000E+01  0.00000000E+00  0.00000000E+00
  2.46200000E+01  0.00000000E+00  0.00000000E+00
  2.47500000E+01  0.00000000E+00  0.00000000E+00
  2.48800000E+01  0.00000000E+00  0.00000000E+00
