#                   T = 1.60                    
#          r [Å]            ρ(r)           Δρ(r)
  0.00000000E+00  4.34050571E-06  8.93184075E-07
  7.75500000E-02  4.95782208E-06  7.60322044E-07
  1.55100000E-01  5.13337142E-06  6.97357241E-07
  2.32600000E-01  5.15900108E-06  7.09192354E-07
  3.10200000E-01  5.30345495E-06  6.98476286E-07
  3.87700000E-01  5.39669544E-06  6.45280793E-07
  4.65300000E-01  5.75617835E-06  6.32127641E-07
  5.42800000E-01  5.78348272E-06  5.87902428E-07
  6.20400000E-01  6.34394698E-06  5.92485660E-07
  6.97900000E-01  7.01943538E-06  5.94552636E-07
  7.75500000E-01  7.99893196E-06  6.72842691E-07
  8.53000000E-01  8.73259425E-06  7.20269822E-07
  9.30600000E-01  9.85873531E-06  6.98863812E-07
  1.00800000E+00  1.10623951E-05  7.58157148E-07
  1.08600000E+00  1.25854709E-05  8.22640200E-07
  1.16300000E+00  1.38630152E-05  8.40352730E-07
  1.24100000E+00  1.57139460E-05  9.17125910E-07
  1.31800000E+00  1.73802116E-05  9.30279734E-07
  1.39600000E+00  1.89070083E-05  9.77629533E-07
  1.47300000E+00  2.10711148E-05  9.93959953E-07
  1.55100000E+00  2.33311004E-05  9.85890962E-07
  1.62900000E+00  2.60114058E-05  9.87557038E-07
  1.70600000E+00  2.95479123E-05  1.12060127E-06
  1.78400000E+00  3.29453619E-05  1.27436478E-06
  1.86100000E+00  3.71390795E-05  1.26405586E-06
  1.93900000E+00  4.14552339E-05  1.31804542E-06
  2.01600000E+00  4.62856242E-05  1.37397006E-06
  2.09400000E+00  5.15646818E-05  1.41831306E-06
  2.17100000E+00  5.76343010E-05  1.57735252E-06
  2.24900000E+00  6.44417963E-05  1.55872282E-06
  2.32600000E+00  7.21650583E-05  1.61510195E-06
  2.40400000E+00  8.01911876E-05  1.67560050E-06
  2.48200000E+00  8.98943218E-05  1.70333572E-06
  2.55900000E+00  1.00587657E-04  1.78422580E-06
  2.63700000E+00  1.13281328E-04  1.83402027E-06
  2.71400000E+00  1.28241973E-04  1.86879326E-06
  2.79200000E+00  1.45981315E-04  1.95479171E-06
  2.86900000E+00  1.66312167E-04  1.98830518E-06
  2.94700000E+00  1.91002921E-04  2.04926606E-06
  3.02400000E+00  2.20004667E-04  2.06836538E-06
  3.10200000E+00  2.54971666E-04  2.16498869E-06
  3.18000000E+00  2.98098088E-04  2.30671717E-06
  3.25700000E+00  3.49962550E-04  2.42897570E-06
  3.33500000E+00  4.13438158E-04  2.61656229E-06
  3.41200000E+00  4.88313070E-04  2.75789382E-06
  3.49000000E+00  5.80532782E-04  2.93160100E-06
  3.56700000E+00  6.91932306E-04  3.32694684E-06
  3.64500000E+00  8.27521679E-04  3.56433082E-06
  3.72200000E+00  9.91010393E-04  4.00531474E-06
  3.80000000E+00  1.18944135E-03  4.52221519E-06
  3.87700000E+00  1.42339049E-03  4.99977606E-06
  3.95500000E+00  1.70820630E-03  6.09412180E-06
  4.03300000E+00  2.04400312E-03  6.64353783E-06
  4.11000000E+00  2.44814217E-03  7.33854101E-06
  4.18800000E+00  2.92032065E-03  8.11345735E-06
  4.26500000E+00  3.47946943E-03  8.69964244E-06
  4.34300000E+00  4.13511529E-03  1.00381044E-05
  4.42000000E+00  4.90413485E-03  1.12076893E-05
  4.49800000E+00  5.79970546E-03  1.26712721E-05
  4.57500000E+00  6.83178116E-03  1.44562612E-05
  4.65300000E+00  8.01038141E-03  1.68340878E-05
  4.73100000E+00  9.35120751E-03  1.84548522E-05
  4.80800000E+00  1.08584953E-02  2.09668893E-05
  4.88600000E+00  1.25421598E-02  2.37463287E-05
  4.96300000E+00  1.43995428E-02  2.70586881E-05
  5.04100000E+00  1.64070457E-02  2.92647269E-05
  5.11800000E+00  1.85516981E-02  3.39623755E-05
  5.19600000E+00  2.08065185E-02  3.71803011E-05
  5.27300000E+00  2.31150735E-02  3.88444013E-05
  5.35100000E+00  2.54305021E-02  4.20407732E-05
  5.42800000E+00  2.76649668E-02  4.52933537E-05
  5.50600000E+00  2.97355804E-02  4.95236085E-05
  5.58400000E+00  3.15432007E-02  5.23580416E-05
  5.66100000E+00  3.29937119E-02  5.44436994E-05
  5.73900000E+00  3.39741419E-02  5.74170347E-05
  5.81600000E+00  3.44042366E-02  5.69930141E-05
  5.89400000E+00  3.42362690E-02  5.79244465E-05
  5.97100000E+00  3.34114118E-02  5.63562480E-05
  6.04900000E+00  3.19413680E-02  5.54655325E-05
  6.12600000E+00  2.98729267E-02  5.08198428E-05
  6.20400000E+00  2.72935387E-02  4.75037458E-05
  6.28200000E+00  2.43309940E-02  4.40061133E-05
  6.35900000E+00  2.11461896E-02  3.97178600E-05
  6.43700000E+00  1.78804847E-02  3.45190158E-05
  6.51400000E+00  1.47080939E-02  2.93797420E-05
  6.59200000E+00  1.17730745E-02  2.39999420E-05
  6.66900000E+00  9.17295782E-03  1.93926400E-05
  6.74700000E+00  6.97562210E-03  1.49027331E-05
  6.82400000E+00  5.20684041E-03  1.10625640E-05
  6.90200000E+00  3.86349198E-03  7.99611679E-06
  6.97900000E+00  2.90678584E-03  5.99463045E-06
  7.05700000E+00  2.28595509E-03  5.10033087E-06
  7.13500000E+00  1.95608511E-03  4.99649015E-06
  7.21200000E+00  1.86836875E-03  5.99963204E-06
  7.29000000E+00  1.99706392E-03  6.67332345E-06
  7.36700000E+00  2.32382578E-03  7.66462024E-06
  7.44500000E+00  2.84966007E-03  8.42085706E-06
  7.52200000E+00  3.58886828E-03  9.37636478E-06
  7.60000000E+00  4.57519745E-03  1.05454820E-05
  7.67700000E+00  5.85056045E-03  1.13995875E-05
  7.75500000E+00  7.48067178E-03  1.25750920E-05
  7.83300000E+00  9.53320138E-03  1.34266734E-05
  7.91000000E+00  1.20992593E-02  1.43209172E-05
  7.98800000E+00  1.52596148E-02  1.41145334E-05
  8.06500000E+00  1.90933571E-02  1.47132368E-05
  8.14300000E+00  2.36895482E-02  1.42084750E-05
  8.22000000E+00  2.90895440E-02  1.38683095E-05
  8.29800000E+00  3.53258407E-02  1.30268631E-05
  8.37500000E+00  4.23390193E-02  1.21230531E-05
  8.45300000E+00  4.99959689E-02  1.15570935E-05
  8.53000000E+00  5.80707785E-02  1.13254464E-05
  8.60800000E+00  6.61682920E-02  1.13753563E-05
  8.68600000E+00  7.38030755E-02  1.39021537E-05
  8.76300000E+00  8.03718009E-02  1.64613262E-05
  8.84100000E+00  8.51319126E-02  1.77652366E-05
  8.91800000E+00  8.74018370E-02  1.91347407E-05
  8.99600000E+00  8.66210009E-02  2.03289792E-05
  9.07300000E+00  8.24478853E-02  1.96634190E-05
  9.15100000E+00  7.49346962E-02  1.99038308E-05
  9.22800000E+00  6.45599287E-02  1.81207591E-05
  9.30600000E+00  5.22895909E-02  1.48228773E-05
  9.38400000E+00  3.94002322E-02  1.19189807E-05
  9.46100000E+00  2.72614343E-02  8.70391940E-06
  9.53900000E+00  1.70229903E-02  5.82168167E-06
  9.61600000E+00  9.37758671E-03  3.54343633E-06
  9.69400000E+00  4.41519014E-03  1.98126379E-06
  9.77100000E+00  1.69996106E-03  1.13321521E-06
  9.84900000E+00  5.01005170E-04  5.88475548E-07
  9.92600000E+00  1.05511726E-04  2.25383372E-07
  1.00000000E+01  1.53480170E-05  8.53726956E-08
  1.00800000E+01  1.46557203E-06  2.86668870E-08
  1.01600000E+01  7.14615580E-08  5.27651226E-09
  1.02400000E+01  2.23849980E-09  1.03366311E-09
  1.03100000E+01  0.00000000E+00  0.00000000E+00
  1.03900000E+01  0.00000000E+00  0.00000000E+00
  1.04700000E+01  0.00000000E+00  0.00000000E+00
  1.05500000E+01  0.00000000E+00  0.00000000E+00
  1.06200000E+01  0.00000000E+00  0.00000000E+00
  1.07000000E+01  0.00000000E+00  0.00000000E+00
  1.07800000E+01  0.00000000E+00  0.00000000E+00
  1.08600000E+01  0.00000000E+00  0.00000000E+00
  1.09300000E+01  0.00000000E+00  0.00000000E+00
  1.10100000E+01  0.00000000E+00  0.00000000E+00
  1.10900000E+01  0.00000000E+00  0.00000000E+00
  1.11700000E+01  0.00000000E+00  0.00000000E+00
  1.12400000E+01  0.00000000E+00  0.00000000E+00
  1.13200000E+01  0.00000000E+00  0.00000000E+00
  1.14000000E+01  0.00000000E+00  0.00000000E+00
  1.14800000E+01  0.00000000E+00  0.00000000E+00
  1.15500000E+01  0.00000000E+00  0.00000000E+00
  1.16300000E+01  0.00000000E+00  0.00000000E+00
  1.17100000E+01  0.00000000E+00  0.00000000E+00
  1.17900000E+01  0.00000000E+00  0.00000000E+00
  1.18700000E+01  0.00000000E+00  0.00000000E+00
  1.19400000E+01  0.00000000E+00  0.00000000E+00
  1.20200000E+01  0.00000000E+00  0.00000000E+00
  1.21000000E+01  0.00000000E+00  0.00000000E+00
  1.21800000E+01  0.00000000E+00  0.00000000E+00
  1.22500000E+01  0.00000000E+00  0.00000000E+00
  1.23300000E+01  0.00000000E+00  0.00000000E+00
  1.24100000E+01  0.00000000E+00  0.00000000E+00
  1.24900000E+01  0.00000000E+00  0.00000000E+00
  1.25600000E+01  0.00000000E+00  0.00000000E+00
  1.26400000E+01  0.00000000E+00  0.00000000E+00
  1.27200000E+01  0.00000000E+00  0.00000000E+00
  1.28000000E+01  0.00000000E+00  0.00000000E+00
  1.28700000E+01  0.00000000E+00  0.00000000E+00
  1.29500000E+01  0.00000000E+00  0.00000000E+00
  1.30300000E+01  0.00000000E+00  0.00000000E+00
  1.31100000E+01  0.00000000E+00  0.00000000E+00
  1.31800000E+01  0.00000000E+00  0.00000000E+00
  1.32600000E+01  0.00000000E+00  0.00000000E+00
  1.33400000E+01  0.00000000E+00  0.00000000E+00
  1.34200000E+01  0.00000000E+00  0.00000000E+00
  1.34900000E+01  0.00000000E+00  0.00000000E+00
  1.35700000E+01  0.00000000E+00  0.00000000E+00
  1.36500000E+01  0.00000000E+00  0.00000000E+00
  1.37300000E+01  0.00000000E+00  0.00000000E+00
  1.38000000E+01  0.00000000E+00  0.00000000E+00
  1.38800000E+01  0.00000000E+00  0.00000000E+00
  1.39600000E+01  0.00000000E+00  0.00000000E+00
  1.40400000E+01  0.00000000E+00  0.00000000E+00
  1.41100000E+01  0.00000000E+00  0.00000000E+00
  1.41900000E+01  0.00000000E+00  0.00000000E+00
  1.42700000E+01  0.00000000E+00  0.00000000E+00
  1.43500000E+01  0.00000000E+00  0.00000000E+00
  1.44200000E+01  0.00000000E+00  0.00000000E+00
  1.45000000E+01  0.00000000E+00  0.00000000E+00
  1.45800000E+01  0.00000000E+00  0.00000000E+00
  1.46600000E+01  0.00000000E+00  0.00000000E+00
  1.47300000E+01  0.00000000E+00  0.00000000E+00
  1.48100000E+01  0.00000000E+00  0.00000000E+00
  1.48900000E+01  0.00000000E+00  0.00000000E+00
  1.49700000E+01  0.00000000E+00  0.00000000E+00
  1.50400000E+01  0.00000000E+00  0.00000000E+00
  1.51200000E+01  0.00000000E+00  0.00000000E+00
  1.52000000E+01  0.00000000E+00  0.00000000E+00
  1.52800000E+01  0.00000000E+00  0.00000000E+00
  1.53500000E+01  0.00000000E+00  0.00000000E+00
  1.54300000E+01  0.00000000E+00  0.00000000E+00
