#                   T = 1.60                    
#          r [Å]            ρ(r)           Δρ(r)
  0.00000000E+00  0.00000000E+00  0.00000000E+00
  7.75500000E-02  0.00000000E+00  0.00000000E+00
  1.55100000E-01  0.00000000E+00  0.00000000E+00
  2.32600000E-01  0.00000000E+00  0.00000000E+00
  3.10200000E-01  0.00000000E+00  0.00000000E+00
  3.87700000E-01  0.00000000E+00  0.00000000E+00
  4.65300000E-01  0.00000000E+00  0.00000000E+00
  5.42800000E-01  0.00000000E+00  0.00000000E+00
  6.20400000E-01  0.00000000E+00  0.00000000E+00
  6.97900000E-01  0.00000000E+00  0.00000000E+00
  7.75500000E-01  0.00000000E+00  0.00000000E+00
  8.53000000E-01  0.00000000E+00  0.00000000E+00
  9.30600000E-01  0.00000000E+00  0.00000000E+00
  1.00800000E+00  0.00000000E+00  0.00000000E+00
  1.08600000E+00  0.00000000E+00  0.00000000E+00
  1.16300000E+00  0.00000000E+00  0.00000000E+00
  1.24100000E+00  0.00000000E+00  0.00000000E+00
  1.31800000E+00  0.00000000E+00  0.00000000E+00
  1.39600000E+00  0.00000000E+00  0.00000000E+00
  1.47300000E+00  0.00000000E+00  0.00000000E+00
  1.55100000E+00  0.00000000E+00  0.00000000E+00
  1.62900000E+00  0.00000000E+00  0.00000000E+00
  1.70600000E+00  0.00000000E+00  0.00000000E+00
  1.78400000E+00  0.00000000E+00  0.00000000E+00
  1.86100000E+00  0.00000000E+00  0.00000000E+00
  1.93900000E+00  0.00000000E+00  0.00000000E+00
  2.01600000E+00  0.00000000E+00  0.00000000E+00
  2.09400000E+00  0.00000000E+00  0.00000000E+00
  2.17100000E+00  0.00000000E+00  0.00000000E+00
  2.24900000E+00  0.00000000E+00  0.00000000E+00
  2.32600000E+00  0.00000000E+00  0.00000000E+00
  2.40400000E+00  0.00000000E+00  0.00000000E+00
  2.48200000E+00  0.00000000E+00  0.00000000E+00
  2.55900000E+00  0.00000000E+00  0.00000000E+00
  2.63700000E+00  0.00000000E+00  0.00000000E+00
  2.71400000E+00  0.00000000E+00  0.00000000E+00
  2.79200000E+00  0.00000000E+00  0.00000000E+00
  2.86900000E+00  0.00000000E+00  0.00000000E+00
  2.94700000E+00  4.59968783E-11  4.65189079E-11
  3.02400000E+00  3.58659202E-10  3.62729712E-10
  3.10200000E+00  7.43332268E-10  7.51768525E-10
  3.18000000E+00  8.53436056E-11  8.63121907E-11
  3.25700000E+00  5.41680884E-10  5.47828550E-10
  3.33500000E+00  8.95617378E-10  9.05781954E-10
  3.41200000E+00  1.98975260E-09  2.01233478E-09
  3.49000000E+00  3.61960050E-09  3.66068022E-09
  3.56700000E+00  4.30342836E-09  4.35226900E-09
  3.64500000E+00  4.21282987E-09  4.26064229E-09
  3.72200000E+00  3.87037649E-09  3.51501389E-09
  3.80000000E+00  3.68486103E-09  3.31070056E-09
  3.87700000E+00  5.04963748E-09  4.23422078E-09
  3.95500000E+00  4.95158628E-09  3.79761520E-09
  4.03300000E+00  5.26204287E-09  3.83779691E-09
  4.11000000E+00  6.18980420E-09  4.28997115E-09
  4.18800000E+00  6.75858718E-09  4.90563372E-09
  4.26500000E+00  6.09437918E-09  3.80943994E-09
  4.34300000E+00  1.04372208E-08  5.35070865E-09
  4.42000000E+00  1.29043242E-08  6.34155014E-09
  4.49800000E+00  1.48632818E-08  4.66496048E-09
  4.57500000E+00  1.95838474E-08  4.52218307E-09
  4.65300000E+00  2.69876229E-08  5.29853601E-09
  4.73100000E+00  4.22131676E-08  6.20958987E-09
  4.80800000E+00  5.68381585E-08  7.55875044E-09
  4.88600000E+00  7.75003937E-08  9.20274152E-09
  4.96300000E+00  1.10590758E-07  1.11393840E-08
  5.04100000E+00  1.59676583E-07  1.22704526E-08
  5.11800000E+00  2.16313635E-07  1.58182660E-08
  5.19600000E+00  2.90345584E-07  1.71919484E-08
  5.27300000E+00  4.04225938E-07  2.24166416E-08
  5.35100000E+00  5.54425523E-07  2.44143929E-08
  5.42800000E+00  7.71425389E-07  3.18079162E-08
  5.50600000E+00  1.08694869E-06  3.72111838E-08
  5.58400000E+00  1.52281008E-06  4.72359096E-08
  5.66100000E+00  2.08448215E-06  5.97343353E-08
  5.73900000E+00  2.92872620E-06  6.91307610E-08
  5.81600000E+00  4.06070950E-06  8.18586126E-08
  5.89400000E+00  5.63155985E-06  8.73206442E-08
  5.97100000E+00  7.81069963E-06  1.00488699E-07
  6.04900000E+00  1.07506842E-05  1.13555817E-07
  6.12600000E+00  1.48189005E-05  1.24834788E-07
  6.20400000E+00  2.03560325E-05  1.52161930E-07
  6.28200000E+00  2.79548045E-05  1.78768790E-07
  6.35900000E+00  3.84338875E-05  2.04784231E-07
  6.43700000E+00  5.23520427E-05  2.58072555E-07
  6.51400000E+00  7.12070773E-05  2.97762496E-07
  6.59200000E+00  9.67597338E-05  3.44936634E-07
  6.66900000E+00  1.31031615E-04  3.91627754E-07
  6.74700000E+00  1.76862057E-04  4.78886225E-07
  6.82400000E+00  2.37813771E-04  5.60906406E-07
  6.90200000E+00  3.19156112E-04  6.49729875E-07
  6.97900000E+00  4.26449697E-04  7.47123385E-07
  7.05700000E+00  5.68432892E-04  8.81323928E-07
  7.13500000E+00  7.54787246E-04  1.03718168E-06
  7.21200000E+00  9.98901445E-04  1.19816874E-06
  7.29000000E+00  1.31540242E-03  1.37190930E-06
  7.36700000E+00  1.72501937E-03  1.62015911E-06
  7.44500000E+00  2.25245078E-03  1.90696302E-06
  7.52200000E+00  2.92456081E-03  2.15039025E-06
  7.60000000E+00  3.77741858E-03  2.55501266E-06
  7.67700000E+00  4.84933115E-03  2.93886637E-06
  7.75500000E+00  6.18530566E-03  3.38634493E-06
  7.83300000E+00  7.83273534E-03  3.92961583E-06
  7.91000000E+00  9.84063182E-03  4.45679140E-06
  7.98800000E+00  1.22600658E-02  5.13796352E-06
  8.06500000E+00  1.51338337E-02  5.98445737E-06
  8.14300000E+00  1.84931542E-02  6.88744134E-06
  8.22000000E+00  2.23432549E-02  8.01592529E-06
  8.29800000E+00  2.66594593E-02  9.48883896E-06
  8.37500000E+00  3.13768320E-02  1.10285132E-05
  8.45300000E+00  3.63637134E-02  1.25564095E-05
  8.53000000E+00  4.14252779E-02  1.42832790E-05
  8.60800000E+00  4.63059912E-02  1.62169620E-05
  8.68600000E+00  5.06638962E-02  1.74178904E-05
  8.76300000E+00  5.41184069E-02  1.90410876E-05
  8.84100000E+00  5.62635627E-02  1.98818141E-05
  8.91800000E+00  5.67364079E-02  2.04825200E-05
  8.99600000E+00  5.52554998E-02  2.04309276E-05
  9.07300000E+00  5.17232371E-02  1.94848307E-05
  9.15100000E+00  4.62700996E-02  1.76194986E-05
  9.22800000E+00  3.92858640E-02  1.51338794E-05
  9.30600000E+00  3.13869385E-02  1.24008552E-05
  9.38400000E+00  2.33550210E-02  9.19405707E-06
  9.46100000E+00  1.59752876E-02  6.38567121E-06
  9.53900000E+00  9.87397173E-03  4.10981160E-06
  9.61600000E+00  5.39087150E-03  2.43146162E-06
  9.69400000E+00  2.51707408E-03  1.14794494E-06
  9.77100000E+00  9.60826582E-04  5.35774385E-07
  9.84900000E+00  2.81782549E-04  1.84146003E-07
  9.92600000E+00  5.91867034E-05  7.63489488E-08
  1.00000000E+01  8.51439014E-06  2.39034352E-08
  1.00800000E+01  7.99908446E-07  7.22292702E-09
  1.01600000E+01  4.05080341E-08  1.56442760E-09
  1.02400000E+01  7.88542709E-10  2.77927851E-10
  1.03100000E+01  0.00000000E+00  0.00000000E+00
  1.03900000E+01  0.00000000E+00  0.00000000E+00
  1.04700000E+01  0.00000000E+00  0.00000000E+00
  1.05500000E+01  0.00000000E+00  0.00000000E+00
  1.06200000E+01  0.00000000E+00  0.00000000E+00
  1.07000000E+01  0.00000000E+00  0.00000000E+00
  1.07800000E+01  0.00000000E+00  0.00000000E+00
  1.08600000E+01  0.00000000E+00  0.00000000E+00
  1.09300000E+01  0.00000000E+00  0.00000000E+00
  1.10100000E+01  0.00000000E+00  0.00000000E+00
  1.10900000E+01  0.00000000E+00  0.00000000E+00
  1.11700000E+01  0.00000000E+00  0.00000000E+00
  1.12400000E+01  0.00000000E+00  0.00000000E+00
  1.13200000E+01  0.00000000E+00  0.00000000E+00
  1.14000000E+01  0.00000000E+00  0.00000000E+00
  1.14800000E+01  0.00000000E+00  0.00000000E+00
  1.15500000E+01  0.00000000E+00  0.00000000E+00
  1.16300000E+01  0.00000000E+00  0.00000000E+00
  1.17100000E+01  0.00000000E+00  0.00000000E+00
  1.17900000E+01  0.00000000E+00  0.00000000E+00
  1.18700000E+01  0.00000000E+00  0.00000000E+00
  1.19400000E+01  0.00000000E+00  0.00000000E+00
  1.20200000E+01  0.00000000E+00  0.00000000E+00
  1.21000000E+01  0.00000000E+00  0.00000000E+00
  1.21800000E+01  0.00000000E+00  0.00000000E+00
  1.22500000E+01  0.00000000E+00  0.00000000E+00
  1.23300000E+01  0.00000000E+00  0.00000000E+00
  1.24100000E+01  0.00000000E+00  0.00000000E+00
  1.24900000E+01  0.00000000E+00  0.00000000E+00
  1.25600000E+01  0.00000000E+00  0.00000000E+00
  1.26400000E+01  0.00000000E+00  0.00000000E+00
  1.27200000E+01  0.00000000E+00  0.00000000E+00
  1.28000000E+01  0.00000000E+00  0.00000000E+00
  1.28700000E+01  0.00000000E+00  0.00000000E+00
  1.29500000E+01  0.00000000E+00  0.00000000E+00
  1.30300000E+01  0.00000000E+00  0.00000000E+00
  1.31100000E+01  0.00000000E+00  0.00000000E+00
  1.31800000E+01  0.00000000E+00  0.00000000E+00
  1.32600000E+01  0.00000000E+00  0.00000000E+00
  1.33400000E+01  0.00000000E+00  0.00000000E+00
  1.34200000E+01  0.00000000E+00  0.00000000E+00
  1.34900000E+01  0.00000000E+00  0.00000000E+00
  1.35700000E+01  0.00000000E+00  0.00000000E+00
  1.36500000E+01  0.00000000E+00  0.00000000E+00
  1.37300000E+01  0.00000000E+00  0.00000000E+00
  1.38000000E+01  0.00000000E+00  0.00000000E+00
  1.38800000E+01  0.00000000E+00  0.00000000E+00
  1.39600000E+01  0.00000000E+00  0.00000000E+00
  1.40400000E+01  0.00000000E+00  0.00000000E+00
  1.41100000E+01  0.00000000E+00  0.00000000E+00
  1.41900000E+01  0.00000000E+00  0.00000000E+00
  1.42700000E+01  0.00000000E+00  0.00000000E+00
  1.43500000E+01  0.00000000E+00  0.00000000E+00
  1.44200000E+01  0.00000000E+00  0.00000000E+00
  1.45000000E+01  0.00000000E+00  0.00000000E+00
  1.45800000E+01  0.00000000E+00  0.00000000E+00
  1.46600000E+01  0.00000000E+00  0.00000000E+00
  1.47300000E+01  0.00000000E+00  0.00000000E+00
  1.48100000E+01  0.00000000E+00  0.00000000E+00
  1.48900000E+01  0.00000000E+00  0.00000000E+00
  1.49700000E+01  0.00000000E+00  0.00000000E+00
  1.50400000E+01  0.00000000E+00  0.00000000E+00
  1.51200000E+01  0.00000000E+00  0.00000000E+00
  1.52000000E+01  0.00000000E+00  0.00000000E+00
  1.52800000E+01  0.00000000E+00  0.00000000E+00
  1.53500000E+01  0.00000000E+00  0.00000000E+00
  1.54300000E+01  0.00000000E+00  0.00000000E+00
