#                   T = 1.60                    
#          r [Å]            ρ(r)           Δρ(r)
  0.00000000E+00  4.55706759E-03  1.11425934E-04
  7.75500000E-02  4.57679637E-03  1.10618918E-04
  1.55100000E-01  4.62559852E-03  1.04421301E-04
  2.32600000E-01  4.70125887E-03  9.91177695E-05
  3.10200000E-01  4.81063161E-03  9.25597266E-05
  3.87700000E-01  4.97605561E-03  8.55142040E-05
  4.65300000E-01  5.18949091E-03  7.95622362E-05
  5.42800000E-01  5.43502179E-03  7.26887539E-05
  6.20400000E-01  5.71998548E-03  6.64819428E-05
  6.97900000E-01  6.08573920E-03  6.01932610E-05
  7.75500000E-01  6.49638590E-03  5.42101849E-05
  8.53000000E-01  6.98972437E-03  4.97399982E-05
  9.30600000E-01  7.53808530E-03  4.48287045E-05
  1.00800000E+00  8.18198240E-03  4.45321869E-05
  1.08600000E+00  8.91616153E-03  4.09310106E-05
  1.16300000E+00  9.74561806E-03  3.98123506E-05
  1.24100000E+00  1.06580147E-02  3.98635160E-05
  1.31800000E+00  1.16595047E-02  3.92117349E-05
  1.39600000E+00  1.27934052E-02  4.02527812E-05
  1.47300000E+00  1.40265787E-02  4.19828099E-05
  1.55100000E+00  1.53931906E-02  4.44210441E-05
  1.62900000E+00  1.68445000E-02  4.70110701E-05
  1.70600000E+00  1.83951196E-02  4.95851168E-05
  1.78400000E+00  2.00690749E-02  5.38667518E-05
  1.86100000E+00  2.18208313E-02  5.50620736E-05
  1.93900000E+00  2.36508515E-02  5.84246295E-05
  2.01600000E+00  2.55212609E-02  6.00171895E-05
  2.09400000E+00  2.73917478E-02  5.98882888E-05
  2.17100000E+00  2.92662031E-02  5.94463431E-05
  2.24900000E+00  3.10223266E-02  5.94400610E-05
  2.32600000E+00  3.26466190E-02  5.86955906E-05
  2.40400000E+00  3.40639797E-02  5.86483489E-05
  2.48200000E+00  3.51960234E-02  5.87015367E-05
  2.55900000E+00  3.60888005E-02  5.57662122E-05
  2.63700000E+00  3.65298357E-02  5.93830194E-05
  2.71400000E+00  3.65652827E-02  6.07146322E-05
  2.79200000E+00  3.61018741E-02  6.21395046E-05
  2.86900000E+00  3.52048882E-02  6.57536480E-05
  2.94700000E+00  3.38194925E-02  6.79689108E-05
  3.02400000E+00  3.19873603E-02  6.85906460E-05
  3.10200000E+00  2.97605489E-02  7.31109978E-05
  3.18000000E+00  2.72069282E-02  7.17832396E-05
  3.25700000E+00  2.44510514E-02  7.14210540E-05
  3.33500000E+00  2.16192459E-02  6.67212877E-05
  3.41200000E+00  1.87602520E-02  6.10912261E-05
  3.49000000E+00  1.60075702E-02  5.63687068E-05
  3.56700000E+00  1.34691886E-02  4.94895840E-05
  3.64500000E+00  1.11879598E-02  4.48981932E-05
  3.72200000E+00  9.23666753E-03  4.05106160E-05
  3.80000000E+00  7.62856991E-03  3.68951898E-05
  3.87700000E+00  6.40208137E-03  3.32163666E-05
  3.95500000E+00  5.51703205E-03  3.09757557E-05
  4.03300000E+00  4.97121336E-03  2.90496440E-05
  4.11000000E+00  4.71345206E-03  2.80214871E-05
  4.18800000E+00  4.74905289E-03  2.80167450E-05
  4.26500000E+00  5.03937160E-03  2.82660372E-05
  4.34300000E+00  5.56592874E-03  2.85323250E-05
  4.42000000E+00  6.32079782E-03  2.90366092E-05
  4.49800000E+00  7.29977411E-03  3.12101104E-05
  4.57500000E+00  8.53277676E-03  3.06691044E-05
  4.65300000E+00  9.99578796E-03  3.26643843E-05
  4.73100000E+00  1.17247933E-02  3.21639070E-05
  4.80800000E+00  1.37491271E-02  3.29503038E-05
  4.88600000E+00  1.60823257E-02  3.51193187E-05
  4.96300000E+00  1.87280735E-02  3.50158873E-05
  5.04100000E+00  2.17115986E-02  3.65922051E-05
  5.11800000E+00  2.50380368E-02  3.63587869E-05
  5.19600000E+00  2.86713772E-02  3.85500616E-05
  5.27300000E+00  3.25934611E-02  3.92645896E-05
  5.35100000E+00  3.67224407E-02  3.91079361E-05
  5.42800000E+00  4.09922200E-02  3.81186507E-05
  5.50600000E+00  4.52581948E-02  3.82112916E-05
  5.58400000E+00  4.93466263E-02  3.85482671E-05
  5.66100000E+00  5.31252699E-02  4.03124994E-05
  5.73900000E+00  5.63280843E-02  4.04350837E-05
  5.81600000E+00  5.87957716E-02  3.97556597E-05
  5.89400000E+00  6.02828740E-02  4.77116655E-05
  5.97100000E+00  6.06254339E-02  5.06460349E-05
  6.04900000E+00  5.97072521E-02  5.44318315E-05
  6.12600000E+00  5.74936555E-02  5.72895983E-05
  6.20400000E+00  5.40625639E-02  5.81965140E-05
  6.28200000E+00  4.95248363E-02  5.71313970E-05
  6.35900000E+00  4.41737089E-02  5.48202417E-05
  6.43700000E+00  3.82627894E-02  5.23198132E-05
  6.51400000E+00  3.21368660E-02  4.95236682E-05
  6.59200000E+00  2.61329311E-02  4.27034399E-05
  6.66900000E+00  2.05774358E-02  3.76007450E-05
  6.74700000E+00  1.56570340E-02  2.96131053E-05
  6.82400000E+00  1.15256846E-02  2.39525603E-05
  6.90200000E+00  8.21177953E-03  1.91007418E-05
  6.97900000E+00  5.67437420E-03  1.44750693E-05
  7.05700000E+00  3.83964673E-03  1.11893055E-05
  7.13500000E+00  2.58809222E-03  7.88683703E-06
  7.21200000E+00  1.80688878E-03  6.04320775E-06
  7.29000000E+00  1.39377954E-03  5.30297022E-06
  7.36700000E+00  1.27789279E-03  5.51076939E-06
  7.44500000E+00  1.41252312E-03  6.75731750E-06
  7.52200000E+00  1.77997549E-03  8.51671954E-06
  7.60000000E+00  2.40103464E-03  1.06108906E-05
  7.67700000E+00  3.32429422E-03  1.34638285E-05
  7.75500000E+00  4.60006656E-03  1.60599303E-05
  7.83300000E+00  6.32749789E-03  1.80558333E-05
  7.91000000E+00  8.60566844E-03  1.97644856E-05
  7.98800000E+00  1.15616810E-02  2.15431636E-05
  8.06500000E+00  1.53235695E-02  2.25715394E-05
  8.14300000E+00  2.00188716E-02  2.40458273E-05
  8.22000000E+00  2.57523337E-02  2.47342378E-05
  8.29800000E+00  3.25924290E-02  2.39209382E-05
  8.37500000E+00  4.05074234E-02  2.32447340E-05
  8.45300000E+00  4.93811984E-02  2.40686376E-05
  8.53000000E+00  5.89649559E-02  1.98978605E-05
  8.60800000E+00  6.88191836E-02  2.09970012E-05
  8.68600000E+00  7.84009018E-02  2.14433692E-05
  8.76300000E+00  8.69240533E-02  2.24724235E-05
  8.84100000E+00  9.35147870E-02  2.44334257E-05
  8.91800000E+00  9.72903635E-02  2.67733648E-05
  8.99600000E+00  9.74843565E-02  3.30618524E-05
  9.07300000E+00  9.36906739E-02  3.35887771E-05
  9.15100000E+00  8.58251645E-02  3.33225031E-05
  9.22800000E+00  7.44266746E-02  3.27492404E-05
  9.30600000E+00  6.06161890E-02  2.62712320E-05
  9.38400000E+00  4.58936777E-02  2.15201795E-05
  9.46100000E+00  3.18725587E-02  1.53082600E-05
  9.53900000E+00  1.99671340E-02  1.13212985E-05
  9.61600000E+00  1.10254162E-02  6.93000714E-06
  9.69400000E+00  5.20988627E-03  3.85466169E-06
  9.77100000E+00  2.00539176E-03  2.06142753E-06
  9.84900000E+00  5.92769984E-04  1.00489088E-06
  9.92600000E+00  1.25171022E-04  4.63153591E-07
  1.00000000E+01  1.82430614E-05  1.51197635E-07
  1.00800000E+01  1.66711485E-06  4.24341409E-08
  1.01600000E+01  6.14309005E-08  7.01917683E-09
  1.02400000E+01  9.08828885E-10  4.90647332E-10
  1.03100000E+01  0.00000000E+00  0.00000000E+00
  1.03900000E+01  0.00000000E+00  0.00000000E+00
  1.04700000E+01  0.00000000E+00  0.00000000E+00
  1.05500000E+01  0.00000000E+00  0.00000000E+00
  1.06200000E+01  0.00000000E+00  0.00000000E+00
  1.07000000E+01  0.00000000E+00  0.00000000E+00
  1.07800000E+01  0.00000000E+00  0.00000000E+00
  1.08600000E+01  0.00000000E+00  0.00000000E+00
  1.09300000E+01  0.00000000E+00  0.00000000E+00
  1.10100000E+01  0.00000000E+00  0.00000000E+00
  1.10900000E+01  0.00000000E+00  0.00000000E+00
  1.11700000E+01  0.00000000E+00  0.00000000E+00
  1.12400000E+01  0.00000000E+00  0.00000000E+00
  1.13200000E+01  0.00000000E+00  0.00000000E+00
  1.14000000E+01  0.00000000E+00  0.00000000E+00
  1.14800000E+01  0.00000000E+00  0.00000000E+00
  1.15500000E+01  0.00000000E+00  0.00000000E+00
  1.16300000E+01  0.00000000E+00  0.00000000E+00
  1.17100000E+01  0.00000000E+00  0.00000000E+00
  1.17900000E+01  0.00000000E+00  0.00000000E+00
  1.18700000E+01  0.00000000E+00  0.00000000E+00
  1.19400000E+01  0.00000000E+00  0.00000000E+00
  1.20200000E+01  0.00000000E+00  0.00000000E+00
  1.21000000E+01  0.00000000E+00  0.00000000E+00
  1.21800000E+01  0.00000000E+00  0.00000000E+00
  1.22500000E+01  0.00000000E+00  0.00000000E+00
  1.23300000E+01  0.00000000E+00  0.00000000E+00
  1.24100000E+01  0.00000000E+00  0.00000000E+00
  1.24900000E+01  0.00000000E+00  0.00000000E+00
  1.25600000E+01  0.00000000E+00  0.00000000E+00
  1.26400000E+01  0.00000000E+00  0.00000000E+00
  1.27200000E+01  0.00000000E+00  0.00000000E+00
  1.28000000E+01  0.00000000E+00  0.00000000E+00
  1.28700000E+01  0.00000000E+00  0.00000000E+00
  1.29500000E+01  0.00000000E+00  0.00000000E+00
  1.30300000E+01  0.00000000E+00  0.00000000E+00
  1.31100000E+01  0.00000000E+00  0.00000000E+00
  1.31800000E+01  0.00000000E+00  0.00000000E+00
  1.32600000E+01  0.00000000E+00  0.00000000E+00
  1.33400000E+01  0.00000000E+00  0.00000000E+00
  1.34200000E+01  0.00000000E+00  0.00000000E+00
  1.34900000E+01  0.00000000E+00  0.00000000E+00
  1.35700000E+01  0.00000000E+00  0.00000000E+00
  1.36500000E+01  0.00000000E+00  0.00000000E+00
  1.37300000E+01  0.00000000E+00  0.00000000E+00
  1.38000000E+01  0.00000000E+00  0.00000000E+00
  1.38800000E+01  0.00000000E+00  0.00000000E+00
  1.39600000E+01  0.00000000E+00  0.00000000E+00
  1.40400000E+01  0.00000000E+00  0.00000000E+00
  1.41100000E+01  0.00000000E+00  0.00000000E+00
  1.41900000E+01  0.00000000E+00  0.00000000E+00
  1.42700000E+01  0.00000000E+00  0.00000000E+00
  1.43500000E+01  0.00000000E+00  0.00000000E+00
  1.44200000E+01  0.00000000E+00  0.00000000E+00
  1.45000000E+01  0.00000000E+00  0.00000000E+00
  1.45800000E+01  0.00000000E+00  0.00000000E+00
  1.46600000E+01  0.00000000E+00  0.00000000E+00
  1.47300000E+01  0.00000000E+00  0.00000000E+00
  1.48100000E+01  0.00000000E+00  0.00000000E+00
  1.48900000E+01  0.00000000E+00  0.00000000E+00
  1.49700000E+01  0.00000000E+00  0.00000000E+00
  1.50400000E+01  0.00000000E+00  0.00000000E+00
  1.51200000E+01  0.00000000E+00  0.00000000E+00
  1.52000000E+01  0.00000000E+00  0.00000000E+00
  1.52800000E+01  0.00000000E+00  0.00000000E+00
  1.53500000E+01  0.00000000E+00  0.00000000E+00
  1.54300000E+01  0.00000000E+00  0.00000000E+00
