;1K, E=[-0.1,0.1] meV
;      x      y      dy      
      1.00969       38.0712        21.0691
      1.04718       4.75855        16.7638
      1.09415       50.5829        16.1670
      1.14137       48.0973        17.5859
      1.19458       46.6495        14.1087
      1.24783       46.6495        16.7785
      1.28786       25.3438        19.2671
      1.34543       4.17291        21.7753
      1.39924       28.1225        27.2474
      1.44195      -31.4739        27.3766
      1.49438       28.5722        21.8861
      1.54665       70.0476        28.5026
      1.59588      -25.8234        24.9336
      1.64645       17.6357        26.7016
      1.69199       9.17851        26.7423
      1.74351      -7.06088        23.4269
      1.79484      -8.54361        28.0887
      1.84594       38.7168        22.4552
      1.89684       30.4959        23.5919
      1.94614       88.5128        22.7448
      1.99584       87.8579        25.8010
      2.04677       115.213        22.2581
      2.09602       115.353        23.3968
      2.14642       81.9017        19.5714
      2.19520       147.674        23.1056
      2.24641       97.0406        19.2727
      2.29533       99.8558        22.8225
      2.34397       94.9866        16.8788
      2.39606       64.3490        20.9891
      2.44317       79.0046        19.2546
      2.49639       48.9436        17.2788
      2.54513       86.5697        20.2062
      2.59285       55.2809        18.8349
      2.64658       18.2868        19.0876
      2.69707       51.7608        20.5051
      2.74316       46.9690        19.9219
      2.79248       47.1698        21.7478
      2.84459       43.9160        21.3425
      2.89752       10.9141        19.4875
      2.94868       46.1707        21.8560
      2.99631     0.0999433        22.4104
      3.04485       43.8994        20.1039
      3.09446       62.7318        38.6542
      3.14365       119.519        31.1184
      3.19371       40.7151        20.3560
      3.24462       10.2321        17.8540
      3.29494       64.1180        20.1884
      3.34468       42.4863        19.0880
      3.39515       27.1364        17.5969
      3.44501       21.1489        18.0069
      3.48533       40.1954        23.3113
