;1K, E=[-0.1,0.05] meV
;      x      y      dy      
      1.00924       45.2222        19.5572
      1.04749       23.9752        16.0151
      1.09447       41.4207        15.3368
      1.14171       23.5388        16.6981
      1.19484       55.3992        13.4488
      1.24803       7.12366        15.9384
      1.28824       28.9842        18.2884
      1.34583       7.75731        20.7572
      1.39965      -3.12366        25.9205
      1.44237       16.1993        26.0692
      1.49482       17.1278        20.8240
      1.54711       41.8295        27.0792
      1.59577       2.31231        24.1269
      1.64616       8.86541        25.1431
      1.69249       35.7950        25.4396
      1.74403      -9.18797        22.4388
      1.79537       40.5995        26.8268
      1.84649       75.9085        21.3865
      1.89740       20.3426        22.4078
      1.94646       105.650        21.6593
      1.99599       39.5598        24.3115
      2.04712       60.5215        21.1808
      2.09621       53.9376        21.8116
      2.14681       44.5124        18.6093
      2.19542       84.6571        21.4654
      2.24707       39.4347        18.0733
      2.29601       51.0909        21.5034
      2.34466       37.1709        15.7323
      2.39542       55.6572        20.3020
      2.44271       69.2656        17.8548
      2.49689      -1.95859        16.4716
      2.54361       64.5140        19.5329
      2.59231       55.4707        17.4222
      2.64736       35.4361        18.1461
      2.69704       20.8722        19.8703
      2.74129       49.5955        18.9340
      2.79201       68.8512        20.1924
      2.84543       27.6324        20.3015
      2.89837       19.8499        18.6202
      2.94934       28.6450        20.9038
      2.99604       36.1177        21.6713
      3.04404       34.4706        19.2826
      3.09332       13.2324        36.0202
      3.14235       86.7737        30.5825
      3.19244       24.0499        19.4079
      3.24373       2.97434        17.0320
      3.29429       22.4795        19.1314
      3.34435       39.4957        18.0646
      3.39534       6.36776        16.6766
      3.44571       32.4238        17.0632
      3.48636       19.9066        22.0765
