;1K, E=[-0.1,0.05] meV
;      x      y      dy      
      1.00924       37.8515        17.8472
      1.04749       13.3645        14.6276
      1.09447       43.4822        14.0049
      1.14171       31.8615        15.2658
      1.19484       41.6406        12.2628
      1.24803       10.0726        14.5797
      1.28824       9.49402        16.6919
      1.34583       21.5288        18.9954
      1.39965       7.01063        23.7280
      1.44237       29.1881        23.8475
      1.49482       23.3626        19.0437
      1.54711       45.6246        24.7412
      1.59577      -10.4426        22.0650
      1.64616      -9.92152        22.9848
      1.69249       24.0277        23.2316
      1.74403      -39.7853        20.5186
      1.79537       20.4168        24.4923
      1.84649       62.7345        19.5002
      1.89740       32.0753        20.4907
      1.94646       96.0441        19.7236
      1.99599       29.2502        22.1994
      2.04712       73.6007        19.3378
      2.09621       57.7028        19.9039
      2.14681       63.3051        16.9994
      2.19542       82.3866        19.5485
      2.24707       47.3449        16.5064
      2.29601       57.7922        19.6221
      2.34466       43.8794        14.3610
      2.39542       53.3663        18.5113
      2.44271       71.2848        16.2689
      2.49689       12.1276        15.0859
      2.54361       39.8527        17.7726
      2.59231       57.5007        15.8891
      2.64736       17.6000        16.5569
      2.69704       20.7311        18.1590
      2.74129       44.1384        17.2691
      2.79201       49.6029        18.4053
      2.84543       35.8440        18.5582
      2.89837       18.8069        17.0185
      2.94934       16.5949        19.0933
      2.99604       17.4802        19.7825
      3.04404       24.3307        17.6058
      3.09332       27.6645        32.9569
      3.14235       103.426        27.9424
      3.19244       25.8058        17.7383
      3.24373      -5.04841        15.5748
      3.29429       27.9037        17.4891
      3.34435       41.5763        16.4958
      3.39534      -7.11197        15.2422
      3.44571       11.2282        15.5663
      3.48636       26.4965        20.1831
