;1 K, E=[-0.1,0.1] meV
;      x      y      dy      
      1.00969       41.0151        18.5852
      1.04718       28.6795        14.8466
      1.09415       33.7094        14.2251
      1.14137       36.3720        15.4838
      1.19458       40.8389        12.4282
      1.24783       34.0840        14.7691
      1.28786       3.57169        16.9627
      1.34543       20.9639        19.2661
      1.39924      -18.8935        23.9590
      1.44195       14.7429        24.3136
      1.49438       12.0260        19.2898
      1.54665       75.3245        25.1265
      1.59588      -9.53437        22.0818
      1.64645      -4.75440        23.5429
      1.69199       33.8977        23.6703
      1.74351      -15.2972        20.6963
      1.79484       2.87922        24.8526
      1.84594       66.3455        19.8529
      1.89684       44.8093        20.8431
      1.94614       76.4923        20.0004
      1.99584       60.0624        22.6573
      2.04677       107.850        19.5507
      2.09602       68.6776        20.4476
      2.14642       111.054        17.2640
      2.19520       109.136        20.1663
      2.24641       55.4426        16.8594
      2.29533       85.6432        20.0085
      2.34397       35.4791        14.6834
      2.39606       39.4214        18.4191
      2.44317       61.5841        16.8904
      2.49639       28.4889        15.1680
      2.54513       50.7781        17.6704
      2.59285       54.1779        16.5820
      2.64658       23.4493        16.8587
      2.69707       44.0697        18.0468
      2.74316       66.7275        17.5925
      2.79248       62.5700        19.1998
      2.84459       35.6252        18.8073
      2.89752       20.5128        17.2278
      2.94868       53.1811        19.2829
      2.99631       2.89960        19.8090
      3.04485       36.9240        17.7116
      3.09446       37.5381        34.1025
      3.14365       87.7986        27.3902
      3.19371       34.0326        17.9390
      3.24462      -2.66867        15.7436
      3.29494       40.0475        17.7379
      3.34468       35.6675        16.8155
      3.39515      -6.19719        15.4606
      3.44501       30.0433        15.9076
      3.48533       16.6959        20.4984
