   31   65
### |Q| (\AA!U-1!N)
    1.0124    1.0505    1.1007    1.1503    1.2001    1.2500    1.2999    1.3501
    1.4001    1.4501    1.5001    1.5501    1.6001    1.6501    1.7001    1.7501
    1.8001    1.8501    1.9001    1.9501    2.0001    2.0501    2.1002    2.1502
    2.2002    2.2502    2.3002    2.3502    2.4003    2.4494    2.4874   0.00000
### E (meV)
  -0.18938  -0.14966 -0.098655 -0.048419 0.0010476  0.049895   0.10171   0.15269
   0.20290   0.25230   0.30109   0.34910   0.39972   0.44953   0.49854   0.54996
   0.60062   0.65040   0.69935   0.75048   0.80073   0.85011   0.90145   0.95192
    1.0015    1.0501    1.1006    1.1501    1.1987    1.2488    1.3005    1.3511
    1.4008    1.4517    1.5017    1.5505    1.6006    1.6517    1.7018    1.7507
    1.8006    1.8513    1.9008    1.9511    2.0002    2.0499    2.1001    2.1491
    2.2002    2.2500    2.3000    2.3503    2.3992    2.4497    2.5002    2.5505
    2.6008    2.6508    2.7006    2.7501    2.8003    2.8502    2.8994    2.9492
    2.9873   0.00000
### Intensity (arb. unit)
    -0.703      4.84      7.90      19.5      25.5      37.9      33.8      6.99
      2.65      2.49      2.91      1.98     0.529     0.617      1.15      1.73
      1.95      1.11     0.652    -0.604    -0.540    -0.605     0.781      1.03
    -0.435      1.44      1.05     0.288     0.520      1.83      2.43      2.31
      1.43      1.76      1.54     0.852      1.46      1.57      1.41    -0.140
    -0.314      1.81      1.73     0.846    -0.113  -0.00823     0.709    -0.321
   -0.0674     0.403     0.688      1.69     0.878     0.528     0.288    -0.217
    -0.496     0.312     0.258    -0.408    -0.710    -0.720     0.296     0.712
     -1.11
### Errors
      4.28      7.56      12.2      16.1      19.0      17.3      13.9      9.27
      4.81      2.67      2.57      2.65      2.68      2.84      2.82      2.71
      2.61      2.35      2.16      2.04      2.09      2.09      2.14      2.27
      2.14      1.91      1.81      1.85      1.84      1.72      1.72      1.84
      1.78      1.80      1.90      1.92      1.84      1.88      1.77      1.70
      1.60      1.60      1.61      1.68      1.61      1.60      1.61      1.64
      1.65      1.68      1.73      1.79      1.81      1.79      1.85      1.88
      2.05      2.21      2.09      2.03      2.03      2.16      2.31      2.43
      3.03
### Intensity (arb. unit)
     0.373      1.23      9.35      16.3      17.2      28.9      22.5      6.42
      1.08      1.62      2.21      1.75      1.12      2.05      1.36      1.80
      2.18      2.45      1.30      1.29      1.44      1.01     0.813      1.83
      1.47      1.31      1.16      1.02     0.925      1.54      1.48      1.01
      1.16     0.924     0.505      1.91      2.41      1.90     0.862    -0.127
     0.823     0.940      1.76      1.55     0.757     0.340     0.976     0.289
     0.529    0.0878     0.537     0.400     0.426     0.274     0.555     0.227
    -0.145     0.218    0.0373     0.388     0.698     0.173    0.0179    -0.799
     -1.71
### Errors
      3.70      6.30      9.98      13.0      15.1      14.0      11.2      7.44
      3.87      2.14      2.08      2.14      2.18      2.32      2.28      2.17
      2.06      1.89      1.74      1.66      1.69      1.67      1.76      1.84
      1.75      1.61      1.53      1.51      1.48      1.49      1.52      1.54
      1.51      1.50      1.52      1.50      1.48      1.46      1.47      1.44
      1.48      1.47      1.49      1.51      1.49      1.46      1.47      1.46
      1.48      1.48      1.48      1.54      1.52      1.52      1.56      1.54
      1.59      1.65      1.68      1.73      1.77      1.84      1.85      2.04
      2.51
### Intensity (arb. unit)
     0.717      1.83      8.40      15.4      19.5      24.4      15.6      2.63
    -0.787     0.466     0.870     0.362     0.592      1.08      1.05     0.775
      2.20      2.34      1.14      1.44      1.80      1.10     0.537     0.946
      2.89      1.36      1.24      1.15      1.27      1.71      1.16      1.11
      1.32     0.769     0.785      1.78      2.25      1.69      1.00     0.558
     0.320      1.28      1.78      1.82     0.655   -0.0350     0.263     0.737
     0.375      1.13     0.665     0.523     0.281    -0.216     0.845     0.823
     0.120    -0.573    -0.327     0.113     0.504    0.0483    -0.309    -0.756
     -1.51
### Errors
      3.80      6.05      9.41      11.9      13.6      13.0      10.3      6.70
      3.39      1.88      1.88      1.91      1.95      2.06      2.03      1.92
      1.83      1.71      1.59      1.51      1.49      1.48      1.55      1.56
      1.53      1.43      1.34      1.36      1.40      1.42      1.39      1.40
      1.33      1.32      1.32      1.38      1.35      1.35      1.36      1.35
      1.33      1.33      1.36      1.35      1.36      1.34      1.41      1.41
      1.41      1.43      1.40      1.39      1.39      1.40      1.43      1.41
      1.42      1.49      1.52      1.55      1.58      1.63      1.65      1.89
      2.33
### Intensity (arb. unit)
      1.79      3.45      11.9      16.0      21.3      23.6      14.0      3.92
    -0.127    0.0307     0.652     0.108      1.12     0.424   -0.0522     0.507
      1.38      1.60      1.38     0.538     0.819     0.495     0.685     0.915
      1.86      2.31      1.82      1.96      1.41      2.05      1.48      1.01
      1.18      1.01      1.32     0.939     0.834      1.23      1.23     0.809
      1.53      1.16      1.07      1.53     0.148     0.174     0.376     0.950
     0.950      1.06     0.950     0.606     0.587     0.336     0.461      1.12
     0.242     0.384     0.460    -0.126    -0.139    -0.333   -0.0507    -0.796
    -0.738
### Errors
      3.72      6.21      9.48      11.9      13.4      12.8      10.2      6.68
      3.36      1.84      1.79      1.83      1.87      1.98      1.95      1.87
      1.81      1.70      1.58      1.48      1.41      1.40      1.43      1.38
      1.38      1.33      1.31      1.36      1.37      1.34      1.29      1.29
      1.33      1.35      1.38      1.40      1.37      1.37      1.37      1.37
      1.39      1.37      1.36      1.35      1.33      1.32      1.35      1.35
      1.37      1.46      1.43      1.42      1.41      1.42      1.45      1.47
      1.51      1.54      1.59      1.61      1.61      1.68      1.75      1.93
      2.28
### Intensity (arb. unit)
      3.03      7.06      15.2      18.2      22.4      16.7      6.34      1.46
     -1.25    -0.469      1.13     0.621     0.894      1.67      1.03      1.05
      2.26      2.45      2.41     0.831     0.198     0.480     0.651      1.58
      2.02      2.54      2.22      2.12      2.06      2.63      1.57      1.21
      1.13     0.794     0.698      1.08      1.32      1.68      1.77      1.09
      1.15     0.580     0.682     0.340    0.0852    0.0268     0.721      1.15
     0.927     0.610     0.747      1.04      1.39     0.880     0.482     0.326
     0.218     0.729     0.914     0.738     0.164    -0.321    -0.798     -1.27
     -1.94
### Errors
      3.60      6.02      9.35      11.7      13.2      12.3      9.98      6.60
      3.35      1.82      1.78      1.86      1.91      2.05      1.99      1.96
      1.93      1.84      1.71      1.49      1.46      1.42      1.39      1.36
      1.34      1.39      1.36      1.38      1.34      1.32      1.30      1.34
      1.34      1.32      1.34      1.38      1.38      1.41      1.40      1.34
      1.33      1.33      1.37      1.37      1.33      1.32      1.33      1.32
      1.32      1.38      1.40      1.40      1.43      1.42      1.40      1.46
      1.53      1.54      1.55      1.56      1.58      1.64      1.71      1.89
      2.35
### Intensity (arb. unit)
     0.635      8.41      20.6      18.5      22.1      26.8      8.66      5.11
     0.301     0.190     0.632      1.36      3.16      2.48      1.17      1.99
      2.79      3.24      3.03      1.04     0.610     0.851     0.671     0.875
      1.78      1.89      1.77      1.58      2.12      2.00      1.95      1.36
     0.947     0.633     0.538      1.58      1.57      1.39      1.88      1.47
      1.28      1.11     0.853     0.922     0.345     0.537     0.735     0.874
     0.472     0.709     0.985      1.03     0.650     0.601     0.564     0.268
     0.304     0.263   -0.0488     0.292     0.644    -0.519    -0.453    -0.661
     -1.55
### Errors
      3.65      6.19      9.72      12.2      13.7      12.8      10.3      6.85
      3.48      1.89      1.80      1.91      1.99      2.06      1.98      1.98
      1.97      1.89      1.69      1.53      1.48      1.40      1.34      1.33
      1.36      1.38      1.34      1.32      1.32      1.31      1.31      1.31
      1.29      1.31      1.33      1.36      1.31      1.31      1.34      1.36
      1.35      1.37      1.35      1.35      1.40      1.38      1.38      1.36
      1.36      1.42      1.43      1.41      1.44      1.43      1.44      1.47
      1.52      1.48      1.51      1.55      1.62      1.68      1.74      1.99
      2.46
### Intensity (arb. unit)
    -0.235      3.47      12.2      14.8      23.3      17.2      8.44     -1.69
     0.171     0.750      1.48      2.46      1.91      1.25      1.05      2.79
      2.72      3.19      2.08     0.555     0.298     0.893     0.696      1.72
      2.10      1.77      1.94      2.19      2.52      1.66      1.61      1.50
      1.13     0.546      1.02      1.08      1.01      1.45      1.18      1.35
      1.84      1.36      1.55      1.74     0.923     0.845      1.18      1.13
     0.727     0.996     0.410     0.619     0.572     0.670     0.953     0.468
  -0.00715    -0.805    -0.193    -0.509    -0.228    -0.354    -0.513    -0.740
   -0.0795
### Errors
      3.66      6.25      9.83      12.3      13.7      12.8      10.2      6.76
      3.45      1.86      1.83      1.92      1.93      1.96      1.96      1.96
      1.91      1.80      1.70      1.59      1.50      1.37      1.35      1.41
      1.43      1.36      1.33      1.42      1.39      1.30      1.29      1.37
      1.35      1.31      1.30      1.30      1.34      1.31      1.32      1.35
      1.35      1.42      1.36      1.36      1.39      1.41      1.37      1.34
      1.36      1.38      1.39      1.41      1.41      1.40      1.43      1.42
      1.45      1.51      1.53      1.54      1.61      1.68      1.72      1.91
      2.34
### Intensity (arb. unit)
      2.81      7.50      10.3      17.7      27.2      16.2      1.69     -1.28
    -0.380      1.62      2.21      2.40      1.57    -0.498     0.997      1.89
      1.64      1.53      1.27     0.240     0.579      1.38      1.75      2.59
      2.19      2.41      1.98      2.04      1.73      2.19      1.99      1.56
      1.14     0.853      1.29      1.41      1.65      1.80      1.28      1.39
      1.25      1.12      2.26      2.31      2.14      1.18      1.20      1.03
     0.645     0.769     0.680     0.623     0.830     0.844     0.456    -0.134
    -0.476    -0.138    0.0542    -0.526    -0.648    -0.605    -0.990     -1.29
    -0.565
### Errors
      3.77      6.30      9.85      12.4      13.8      12.7      10.4      6.87
      3.46      1.91      1.93      2.02      2.01      2.01      2.02      2.00
      1.92      1.82      1.76      1.64      1.51      1.41      1.42      1.42
      1.38      1.35      1.36      1.41      1.35      1.31      1.33      1.35
      1.33      1.33      1.32      1.30      1.28      1.30      1.35      1.33
      1.29      1.32      1.37      1.35      1.35      1.34      1.36      1.36
      1.38      1.35      1.33      1.41      1.43      1.41      1.41      1.43
      1.49      1.54      1.55      1.55      1.63      1.73      1.75      1.90
      2.29
### Intensity (arb. unit)
      5.56      5.57      11.6      19.2      24.1      12.1      12.0      5.01
      1.00      1.09      1.80     0.145    -0.181    -0.563      1.26      1.75
      1.80      1.34     0.772     0.386     0.554      1.45      2.66      2.40
      2.71      2.42      1.34      1.87      2.29      1.87      2.12      1.74
      1.06      1.06      1.28      1.97      1.96      1.92      1.58      1.97
      1.73      1.48      1.90      1.87      1.67      1.71     0.974     0.926
     0.887     0.928     0.599     0.680     0.968     0.698     0.607     0.496
     0.355    0.0291    0.0101    -0.380     0.366     0.108    -0.764     -1.06
     -1.34
### Errors
      4.09      6.56      10.1      12.7      14.1      12.8      10.4      6.89
      3.45      1.88      1.91      1.92      1.92      2.02      2.00      1.95
      1.90      1.87      1.78      1.61      1.52      1.45      1.41      1.37
      1.39      1.39      1.33      1.36      1.41      1.37      1.35      1.36
      1.34      1.30      1.29      1.32      1.33      1.30      1.34      1.39
      1.31      1.29      1.32      1.34      1.33      1.34      1.34      1.36
      1.38      1.39      1.34      1.40      1.42      1.39      1.40      1.45
      1.45      1.49      1.55      1.59      1.62      1.65      1.70      1.90
      2.22
### Intensity (arb. unit)
      5.71      6.58      7.28      13.8      16.3      5.51      5.07      1.50
    0.0241     0.151     0.500     0.769    -0.308    -0.390      2.92      2.87
      1.90     0.870      1.32      1.47     0.841      2.09      1.70      2.03
      1.93      1.70      1.72      1.37      1.98      1.83      1.71      1.38
      1.59      1.92      1.46      1.41      1.10     0.961      1.74      1.76
      1.30      1.07      1.01      1.18      1.74      1.71     0.759     0.953
      1.31     0.975      1.26      1.13     0.847     0.487     0.306     0.674
     0.537     0.265    -0.145    -0.392     0.231     0.122    -0.244    -0.299
    -0.366
### Errors
      4.17      6.66      10.3      12.7      14.0      12.8      10.3      6.75
      3.30      1.83      1.84      1.87      1.90      2.05      2.05      1.94
      1.93      1.87      1.75      1.63      1.56      1.44      1.39      1.40
      1.40      1.36      1.37      1.39      1.38      1.38      1.40      1.33
      1.28      1.28      1.27      1.29      1.30      1.28      1.29      1.30
      1.30      1.27      1.26      1.29      1.31      1.31      1.32      1.39
      1.39      1.40      1.38      1.39      1.39      1.35      1.41      1.44
      1.44      1.52      1.54      1.56      1.61      1.66      1.70      1.90
      2.20
### Intensity (arb. unit)
      5.12      10.8      8.79      13.5      11.8      6.92      3.87    -0.618
    -0.239    0.0348      1.12      1.83      1.09      1.68      2.52      2.63
      2.80      1.45      1.37      1.54      1.21      1.91      1.78      2.06
      2.08      1.58      1.37      2.41      2.03      1.32      1.57      1.72
      1.89      2.61      1.53     0.588     0.695     0.758      1.34      1.28
     0.918      1.17      1.76      2.32      1.50      1.18     0.498     0.978
      1.54      1.70      1.07      1.16     0.746     0.399   -0.0147     0.635
      1.14     0.560     0.292     0.591    -0.174    -0.134    -0.361    -0.611
     0.194
### Errors
      4.40      6.98      10.8      13.3      14.3      13.4      10.7      6.81
      3.32      1.88      1.86      1.88      1.95      2.06      1.96      1.96
      1.90      1.75      1.66      1.58      1.49      1.41      1.36      1.35
      1.34      1.35      1.32      1.34      1.37      1.32      1.31      1.35
      1.30      1.31      1.32      1.29      1.27      1.28      1.28      1.30
      1.30      1.28      1.30      1.31      1.34      1.30      1.31      1.35
      1.34      1.36      1.34      1.35      1.35      1.34      1.34      1.36
      1.42      1.45      1.50      1.50      1.50      1.60      1.64      1.87
      2.34
### Intensity (arb. unit)
     0.138      6.04      14.1      12.6      7.71      7.88      1.96      2.12
     0.482      1.04      1.35     0.634      1.15      2.06      2.84      1.49
      1.82      1.52      1.81      2.04      1.60      1.15      1.40      2.22
      2.24      2.00      1.93      3.46      2.55      1.74      2.21      2.27
      1.47      1.93      1.54      1.79      1.24      1.02      2.15      1.93
      1.28     0.920      2.27      2.30      1.63      1.21      1.40      1.09
      1.75      1.35     0.945     0.866      1.25     0.550   -0.0464     0.878
      1.01    0.0365   -0.0952     0.775    -0.238    -0.763    -0.901    -0.519
     -1.03
### Errors
      4.40      7.09      11.0      13.3      14.3      13.4      10.6      6.75
      3.40      1.87      1.79      1.85      1.86      1.89      1.90      1.83
      1.74      1.70      1.69      1.55      1.52      1.42      1.35      1.36
      1.35      1.34      1.35      1.37      1.31      1.27      1.26      1.30
      1.29      1.29      1.29      1.28      1.26      1.28      1.28      1.27
      1.26      1.26      1.27      1.29      1.33      1.28      1.31      1.31
      1.29      1.32      1.32      1.37      1.38      1.37      1.43      1.38
      1.42      1.45      1.48      1.53      1.51      1.56      1.66      1.88
      2.39
### Intensity (arb. unit)
   0.00207      1.66      4.74      18.8      19.1      4.95     -4.29     -1.82
     -1.23     0.403     0.926     0.235     0.378      1.79      2.55      1.20
      1.69      1.99      2.30      1.40      1.30      1.54      1.55      1.88
      2.30      1.95      2.00      2.60      2.22      1.77      2.21      2.15
      1.96      2.21      2.06      1.70      1.57      1.58      2.39      2.33
      1.31      1.46      1.63      1.76      2.28      1.97      2.01      1.86
      1.50      1.26      1.11      1.26      1.12      1.04     0.169     0.388
     0.398     0.258   -0.0964     0.821    0.0950    -0.909     -1.21   -0.0885
     0.324
### Errors
      4.27      6.93      10.6      13.1      15.1      13.9      10.6      7.05
      3.50      1.82      1.79      1.79      1.76      1.89      1.83      1.74
      1.72      1.66      1.61      1.56      1.47      1.38      1.35      1.30
      1.33      1.30      1.28      1.32      1.27      1.23      1.21      1.23
      1.26      1.26      1.28      1.28      1.25      1.27      1.29      1.29
      1.30      1.30      1.29      1.32      1.36      1.32      1.35      1.31
      1.31      1.31      1.33      1.41      1.37      1.38      1.39      1.38
      1.41      1.46      1.49      1.52      1.56      1.61      1.67      1.91
      2.40
### Intensity (arb. unit)
     0.387     0.337      6.66      8.17      3.09      2.47     -5.92    -0.988
    -0.942    0.0752     0.837      1.01     0.159     0.938     0.985      1.61
      1.22      1.10      1.63      2.02      1.41      1.66      1.84      1.81
      2.16      2.05      1.62      2.54      1.92      1.81      1.97      2.28
      2.23      1.47      1.04      1.23      1.62      1.80      1.98      2.08
      2.29      1.93      1.81      2.20      2.01      2.33      1.78      1.69
      1.35      1.58      1.64     0.712     0.954      1.06     0.864    0.0461
     0.185    -0.268     0.384     0.353    -0.167    -0.604    -0.914    -0.640
    -0.258
### Errors
      4.38      6.88      10.4      13.3      14.9      13.3      10.8      6.96
      3.40      1.77      1.70      1.70      1.71      1.75      1.72      1.68
      1.61      1.61      1.57      1.49      1.47      1.35      1.31      1.32
      1.32      1.33      1.28      1.33      1.31      1.26      1.23      1.22
      1.25      1.26      1.27      1.25      1.24      1.24      1.28      1.29
      1.27      1.27      1.31      1.34      1.33      1.33      1.33      1.34
      1.34      1.35      1.33      1.38      1.42      1.40      1.41      1.40
      1.46      1.49      1.49      1.53      1.55      1.59      1.66      1.86
      2.32
### Intensity (arb. unit)
     0.900     0.167      3.30      4.76     -6.40     0.679     -2.96     0.193
     0.367     0.530      1.88     0.901      2.24      1.36      1.38      1.54
      1.86      1.80      1.95      2.37      2.30      1.92      1.94      2.45
      1.95      1.65      2.33      2.96      2.66      2.37      1.97      1.40
      1.82     0.829     0.840      1.39      1.91      2.17      1.79      2.33
      3.00      1.87      2.17      1.45      1.85      2.05      1.36      1.37
      1.33      1.29      2.04      1.14     0.807      1.21      1.28     0.630
     0.186     0.458     0.333   -0.0637  -0.00131     0.357    -0.126    -0.917
     -1.75
### Errors
      4.28      6.58      10.1      12.6      13.7      12.8      10.0      6.57
      3.26      1.71      1.69      1.70      1.71      1.81      1.74      1.68
      1.67      1.63      1.61      1.53      1.48      1.40      1.32      1.33
      1.31      1.30      1.28      1.32      1.30      1.27      1.24      1.23
      1.23      1.24      1.25      1.25      1.26      1.25      1.27      1.28
      1.29      1.28      1.31      1.30      1.34      1.30      1.31      1.29
      1.30      1.32      1.31      1.33      1.37      1.38      1.38      1.40
      1.46      1.50      1.52      1.52      1.56      1.64      1.71      1.84
      2.24
### Intensity (arb. unit)
     0.811      1.79      2.36      2.01      11.3    -0.197      4.69      5.46
      1.68      1.40      2.09      1.25      1.73      1.29      1.93      2.43
      3.08      2.29      2.54      2.91      1.92      2.00      2.24      1.73
      1.91      2.29      2.34      2.14      1.98      2.32      2.09      1.98
      1.83      2.45      2.01      1.80      1.77      2.05      2.31      2.49
      2.69      2.46      1.95      1.55      1.78      2.33      1.68      1.60
      1.47      1.57      1.39     0.736      1.27      1.34      1.12      1.13
     0.821     0.469     0.645     0.468     0.737     0.173    -0.222     -1.39
     -1.41
### Errors
      4.27      6.79      10.3      12.6      14.3      12.8      10.2      6.55
      3.20      1.78      1.69      1.68      1.72      1.74      1.72      1.65
      1.66      1.62      1.59      1.53      1.46      1.38      1.31      1.29
      1.30      1.31      1.29      1.31      1.28      1.26      1.25      1.29
      1.26      1.26      1.27      1.27      1.27      1.25      1.29      1.26
      1.27      1.26      1.25      1.25      1.29      1.27      1.31      1.29
      1.30      1.35      1.33      1.34      1.36      1.38      1.40      1.42
      1.44      1.45      1.48      1.51      1.54      1.61      1.65      1.82
      2.17
### Intensity (arb. unit)
     0.591      3.52      5.98      12.4      10.5      16.5      10.0      4.71
      1.04     0.284     0.992      1.42      2.36      1.76      2.07      2.71
      3.19      2.58      2.91      3.28      2.76      1.85      2.62      2.30
      2.10      2.21      1.94      1.49      1.16      1.47      1.78      1.51
      2.69      2.51      2.08      2.04      1.92      2.17      1.98      2.25
      2.16      3.02      2.69      2.10      2.65      2.35      2.40      2.13
      1.72      1.71      1.58      1.02      1.21      1.42      1.19      1.32
      1.20     0.941     0.304      1.35     0.879    -0.386    -0.392    -0.623
    -0.696
### Errors
      4.37      6.67      10.0      12.5      13.5      12.7      9.85      6.36
      3.09      1.69      1.67      1.65      1.68      1.73      1.67      1.66
      1.63      1.63      1.59      1.54      1.48      1.36      1.33      1.31
      1.30      1.29      1.27      1.28      1.26      1.24      1.22      1.26
      1.25      1.23      1.23      1.29      1.28      1.29      1.26      1.30
      1.26      1.27      1.27      1.28      1.29      1.25      1.29      1.28
      1.29      1.32      1.32      1.31      1.31      1.34      1.38      1.42
      1.44      1.43      1.50      1.52      1.53      1.58      1.63      1.80
      2.19
### Intensity (arb. unit)
      4.18      10.4      21.2      26.9      24.6      28.0      17.0      5.22
      2.36      1.34      1.23      2.59      3.06      2.21      1.67      1.71
      2.30      2.47      4.02      3.32      2.58      1.62      2.28      3.03
      2.43      2.61      2.41      2.34      1.95      2.06      2.30      2.52
      2.80      2.74      2.42      2.32      2.28      2.28      2.72      2.42
      2.21      2.34      2.24      2.62      3.10      2.26      3.30      3.35
      2.30      1.97      2.11      1.61      1.80      1.42     0.898     0.475
     0.968      1.40      1.39      1.57     0.927    -0.453    -0.507    -0.800
     -1.95
### Errors
      4.36      6.74      10.1      12.3      13.7      12.3      9.88      6.22
      3.06      1.70      1.62      1.66      1.65      1.73      1.64      1.62
      1.57      1.55      1.56      1.48      1.43      1.32      1.29      1.31
      1.32      1.33      1.29      1.31      1.28      1.27      1.26      1.27
      1.24      1.23      1.25      1.28      1.26      1.25      1.25      1.25
      1.25      1.24      1.25      1.27      1.31      1.28      1.30      1.34
      1.33      1.34      1.32      1.32      1.31      1.33      1.35      1.40
      1.41      1.41      1.44      1.50      1.54      1.58      1.62      1.81
      2.17
### Intensity (arb. unit)
      4.75      9.15      29.1      39.7      38.3      38.1      27.4      12.1
      4.69      3.11      1.74      1.49      2.42      1.93      1.54      2.11
      1.96      2.89      4.19      3.42      2.97      2.55      3.41      3.47
      3.25      3.33      3.04      2.79      2.67      3.23      2.74      2.78
      2.65      2.59      3.00      2.27      2.94      2.99      3.11      2.99
      2.92      2.57      1.64      1.89      2.53      1.96      2.74      3.55
      2.45      1.51      2.05      2.38      2.00      1.50      1.39      1.04
      1.03      1.58      1.37      1.40     0.969    -0.280    -0.655    -0.894
     -1.30
### Errors
      4.44      6.61      10.0      12.0      13.1      12.1      9.49      6.17
      3.05      1.67      1.56      1.57      1.60      1.69      1.68      1.63
      1.59      1.54      1.51      1.41      1.37      1.31      1.29      1.32
      1.33      1.31      1.27      1.29      1.27      1.26      1.23      1.23
      1.24      1.23      1.25      1.24      1.25      1.25      1.26      1.25
      1.25      1.25      1.25      1.25      1.30      1.26      1.28      1.32
      1.32      1.32      1.29      1.29      1.35      1.34      1.35      1.37
      1.41      1.42      1.46      1.47      1.51      1.58      1.61      1.77
      2.14
### Intensity (arb. unit)
      4.38      12.3      27.2      37.2      54.8      56.3      39.0      17.5
      6.36      1.84      1.29      2.52      2.80      3.37      2.81      2.64
      2.94      3.46      3.80      3.00      3.16      3.07      3.84      3.90
      3.80      3.16      2.17      3.21      4.00      3.86      3.47      3.43
      2.88      2.47      2.86      2.57      2.67      2.59      2.19      2.58
      2.29      2.32      2.12      2.18      2.73      2.75      2.64      2.36
      2.22      2.32      1.83      1.45      2.24      2.21      1.71      1.23
      1.22      1.94      1.39      1.31     0.683    -0.294     0.259    -0.931
    -0.956
### Errors
      4.21      6.46      9.59      12.0      13.1      12.3      9.50      6.13
      3.06      1.65      1.56      1.62      1.64      1.74      1.70      1.64
      1.57      1.51      1.41      1.34      1.33      1.28      1.28      1.30
      1.33      1.26      1.25      1.28      1.30      1.27      1.25      1.25
      1.24      1.25      1.24      1.25      1.23      1.23      1.24      1.24
      1.23      1.23      1.22      1.25      1.27      1.25      1.28      1.28
      1.27      1.28      1.27      1.31      1.32      1.33      1.35      1.35
      1.38      1.42      1.46      1.47      1.49      1.56      1.58      1.74
      2.14
### Intensity (arb. unit)
      6.93      18.5      31.7      56.2      62.9      69.7      45.5      17.6
      5.70      2.10      2.18      2.31      1.69      2.67      3.16      3.70
      3.31      3.73      3.67      2.43      2.45      3.24      3.22      4.27
      3.74      2.95      3.39      3.67      3.26      3.67      3.31      2.97
      2.86      2.57      2.97      3.02      2.47      2.07      1.62      1.86
      2.45      2.32      2.66      3.12      3.18      3.12      2.02      2.57
      2.29      2.32      2.42      2.20      2.82      2.75      2.17      1.64
      1.14      1.04     0.918     0.699     0.323     0.116     0.481   -0.0354
    -0.832
### Errors
      4.23      6.36      9.51      11.8      12.9      11.8      9.24      5.87
      2.94      1.60      1.53      1.55      1.57      1.68      1.67      1.63
      1.55      1.50      1.42      1.31      1.32      1.30      1.28      1.29
      1.30      1.24      1.25      1.29      1.26      1.26      1.21      1.21
      1.20      1.19      1.24      1.26      1.21      1.22      1.23      1.25
      1.25      1.21      1.21      1.24      1.25      1.25      1.26      1.25
      1.25      1.27      1.28      1.34      1.33      1.33      1.35      1.34
      1.36      1.38      1.40      1.43      1.45      1.49      1.54      1.72
      2.10
### Intensity (arb. unit)
      9.02      25.5      49.3      68.0      75.9      68.2      41.9      15.6
      4.00      2.71      2.96      2.71      3.22      2.84      2.90      3.35
      3.21      3.31      3.24      2.28      2.70      2.64      3.26      3.81
      3.72      3.48      3.58      3.08      2.85      3.29      2.97      3.48
      3.53      3.11      2.86      2.89      2.18      1.88      2.54      2.06
      2.58      2.84      2.89      2.93      3.22      2.86      2.44      2.73
      3.06      2.13      2.46      2.31      2.31      2.58      2.05      1.66
      1.27      1.29     0.834     0.191     0.246  -0.00550     0.192   -0.0190
    -0.478
### Errors
      4.23      6.31      9.43      11.4      12.6      11.4      8.93      5.69
      2.80      1.60      1.53      1.55      1.59      1.67      1.65      1.60
      1.52      1.42      1.37      1.29      1.31      1.27      1.26      1.27
      1.25      1.27      1.24      1.25      1.24      1.22      1.20      1.21
      1.19      1.20      1.22      1.21      1.20      1.21      1.21      1.21
      1.21      1.22      1.24      1.24      1.26      1.25      1.26      1.26
      1.24      1.22      1.23      1.27      1.30      1.31      1.34      1.34
      1.33      1.34      1.39      1.39      1.41      1.43      1.47      1.66
      2.07
### Intensity (arb. unit)
      6.95      25.0      59.7      76.4      81.7      65.1      35.9      13.1
      2.89      2.50      3.79      4.38      3.60      3.81      2.95      3.36
      2.74      2.66      3.12      3.59      3.68      3.00      2.91      3.21
      3.58      3.38      3.10      3.12      2.86      2.92      2.92      3.50
      3.55      3.29      2.79      3.04      2.61      2.88      3.56      3.48
      3.34      3.38      3.13      2.90      2.81      2.47      2.24      3.07
      3.57      3.48      2.73      2.37      2.35      2.42      2.13      1.84
      1.09     0.951      1.35     0.918     0.332     0.356    0.0641    -0.499
     0.398
### Errors
      4.23      6.23      9.28      11.2      12.2      11.0      8.48      5.35
      2.65      1.56      1.51      1.56      1.59      1.68      1.62      1.57
      1.49      1.41      1.34      1.30      1.30      1.28      1.25      1.25
      1.27      1.25      1.23      1.23      1.19      1.19      1.17      1.17
      1.21      1.23      1.22      1.23      1.21      1.22      1.24      1.23
      1.20      1.21      1.20      1.20      1.23      1.22      1.25      1.26
      1.24      1.24      1.24      1.26      1.25      1.23      1.26      1.28
      1.28      1.32      1.37      1.38      1.38      1.41      1.44      1.61
      1.97
### Intensity (arb. unit)
      4.22      20.6      40.9      61.3      68.2      55.9      39.1      14.4
      3.31      2.54      3.04      4.16      4.04      1.82      2.06      2.76
      3.04      3.37      3.78      3.96      3.83      3.66      3.29      2.97
      3.03      3.03      3.15      3.02      2.92      3.03      3.39      3.96
      3.76      2.97      3.04      3.54      3.57      3.53      3.39      3.82
      3.83      3.99      3.56      3.07      3.26      3.02      2.43      3.24
      4.04      3.48      2.70      2.38      2.05      1.63      2.07      1.64
     0.864      1.78      1.70      1.48      1.22     0.537     0.211     0.188
     0.411
### Errors
      4.06      5.88      8.55      10.4      11.3      10.2      8.00      5.07
      2.52      1.51      1.51      1.56      1.62      1.65      1.60      1.54
      1.45      1.40      1.34      1.31      1.32      1.27      1.24      1.26
      1.30      1.31      1.27      1.25      1.20      1.19      1.16      1.18
      1.18      1.17      1.18      1.22      1.22      1.21      1.23      1.27
      1.23      1.22      1.18      1.19      1.23      1.21      1.21      1.21
      1.21      1.22      1.21      1.21      1.21      1.19      1.21      1.24
      1.26      1.32      1.35      1.36      1.39      1.42      1.44      1.59
      1.92
### Intensity (arb. unit)
      4.57      15.0      30.8      51.0      53.1      38.3      29.3      14.0
      3.16      1.72      2.51      3.48      2.81     0.966      2.35      3.84
      3.36      3.67      3.24      3.10      3.40      4.60      3.90      3.38
      3.24      3.12      3.65      4.25      3.50      3.27      3.68      4.27
      3.84      3.37      3.31      3.24      3.75      3.51      4.13      3.85
      3.31      3.04      2.97      2.95      3.15      3.41      3.35      3.96
      4.04      3.17      2.58      2.52      2.07      1.60      2.10      1.52
      1.50      2.14      2.07      1.67     0.958      1.29     0.144     0.496
      1.01
### Errors
      4.04      5.72      8.28      10.1      11.0      9.81      7.65      4.86
      2.42      1.45      1.46      1.54      1.54      1.59      1.59      1.57
      1.49      1.39      1.36      1.33      1.33      1.31      1.28      1.31
      1.38      1.35      1.29      1.27      1.18      1.15      1.14      1.20
      1.18      1.17      1.19      1.19      1.21      1.20      1.23      1.21
      1.19      1.18      1.17      1.18      1.22      1.21      1.22      1.20
      1.18      1.19      1.16      1.18      1.20      1.22      1.24      1.25
      1.28      1.30      1.33      1.33      1.35      1.40      1.41      1.56
      1.94
### Intensity (arb. unit)
      7.09      17.5      38.1      37.9      38.5      30.3      24.3      12.0
      3.16      1.39      2.54      2.99      2.59      2.07      2.85      3.81
      2.95      2.58      2.68      2.66      3.02      4.38      3.79      3.37
      3.76      3.79      3.78      4.10      3.47      3.73      3.57      3.14
      3.02      3.44      3.11      3.16      3.80      4.08      3.63      3.54
      2.81      2.95      2.86      3.21      3.14      3.14      3.29      4.16
      3.48      2.75      2.71      2.37      2.33      1.79      1.62      1.29
      1.78      2.09      1.48     0.820     0.704     0.140     0.362     0.696
      1.08
### Errors
      3.95      5.54      8.06      9.55      10.4      9.45      7.43      4.76
      2.37      1.46      1.47      1.53      1.56      1.60      1.60      1.58
      1.44      1.34      1.31      1.31      1.33      1.32      1.34      1.42
      1.50      1.45      1.32      1.25      1.18      1.14      1.12      1.14
      1.15      1.15      1.17      1.17      1.18      1.19      1.20      1.18
      1.16      1.18      1.17      1.16      1.20      1.19      1.21      1.20
      1.17      1.19      1.18      1.19      1.19      1.20      1.21      1.23
      1.27      1.28      1.30      1.31      1.32      1.35      1.39      1.52
      1.84
### Intensity (arb. unit)
      6.76      15.9      31.5      37.2      36.0      28.1      22.5      12.1
      3.41      2.66      2.76      3.11      2.90      2.37      2.35      3.71
      2.41      1.86      2.91      2.80      3.33      3.31      3.42      3.77
      4.17      3.56      3.60      3.26      2.73      3.55      3.24      3.42
      3.17      3.32      2.81      2.96      3.66      3.30      2.77      3.21
      3.38      3.17      3.31      3.05      2.75      3.09      2.97      3.89
      3.27      2.92      2.68      2.44      1.79      1.98      1.73      1.78
      3.00      2.57      1.24     0.937     0.782     0.122    0.0928    -0.197
     0.438
### Errors
      3.86      5.38      7.90      9.46      10.1      9.31      7.20      4.56
      2.32      1.43      1.46      1.51      1.53      1.60      1.59      1.56
      1.42      1.31      1.27      1.24      1.27      1.28      1.38      1.52
      1.58      1.47      1.26      1.18      1.16      1.14      1.11      1.14
      1.12      1.13      1.14      1.18      1.19      1.18      1.18      1.19
      1.17      1.17      1.17      1.17      1.19      1.18      1.18      1.17
      1.14      1.18      1.16      1.17      1.17      1.16      1.17      1.18
      1.22      1.24      1.25      1.28      1.28      1.31      1.36      1.48
      1.78
### Intensity (arb. unit)
      6.28      11.7      24.1      37.8      44.7      33.0      23.4      12.7
      4.06      3.10      3.49      2.50      1.23      2.16      3.45      2.97
      2.82      2.83      2.70      2.78      2.53      2.10      2.87      3.86
      3.06      2.95      2.54      2.32      2.52      3.15      2.87      2.73
      3.61      3.54      4.17      4.15      2.95      2.92      2.77      3.42
      3.33      3.03      2.92      3.21      2.63      2.96      3.18      2.83
      3.10      3.03      3.01      2.97      2.76      2.11      2.31      2.49
      2.86      2.66      2.59      1.59      1.41     0.835     0.248    -0.147
    -0.550
### Errors
      3.72      5.24      7.53      9.13      10.0      9.03      7.12      4.60
      2.34      1.46      1.47      1.48      1.47      1.54      1.53      1.48
      1.40      1.27      1.21      1.19      1.26      1.31      1.47      1.61
      1.58      1.42      1.21      1.15      1.11      1.08      1.08      1.10
      1.10      1.12      1.18      1.21      1.23      1.25      1.21      1.18
      1.11      1.10      1.13      1.15      1.14      1.12      1.13      1.12
      1.11      1.13      1.11      1.14      1.16      1.13      1.14      1.15
      1.19      1.20      1.23      1.25      1.27      1.28      1.29      1.42
      1.72
### Intensity (arb. unit)
      6.19      11.6      25.3      42.5      42.7      33.5      24.0      11.9
      3.10      1.68      1.61      1.68      1.39      2.43      3.18      3.00
      2.39      3.03      3.32      2.27      2.23      2.34      2.87      1.92
      1.99      2.11      2.15      2.42      2.45      2.39      3.05      3.13
      2.49      3.35      3.77      3.02      2.65      2.81      3.24      2.98
      3.46      3.36      3.58      3.48      3.17      2.93      3.31      2.70
      2.90      2.68      2.74      3.35      3.52      3.26      2.87      2.73
      2.92      2.46      2.09      1.73      1.82     0.913     0.700     0.374
    -0.165
### Errors
      3.71      5.08      7.43      9.03      9.73      8.86      7.03      4.59
      2.36      1.39      1.37      1.40      1.43      1.52      1.52      1.48
      1.39      1.28      1.22      1.20      1.28      1.38      1.51      1.56
      1.48      1.33      1.17      1.14      1.08      1.06      1.07      1.09
      1.07      1.10      1.13      1.17      1.18      1.18      1.18      1.13
      1.07      1.06      1.09      1.08      1.07      1.07      1.09      1.09
      1.09      1.09      1.08      1.12      1.14      1.14      1.14      1.14
      1.15      1.16      1.19      1.20      1.24      1.26      1.33      1.68
      2.19
### Intensity (arb. unit)
      3.06      9.85      25.5      38.4      41.6      35.6      24.1      10.4
      2.59     0.897      1.04      1.65     0.782     0.526      2.25      2.64
      2.01      2.19      3.13      1.96      1.88      2.44      2.71      1.73
      1.43      2.70      2.79      2.57      2.39      2.57      3.31      3.10
      2.31      2.73      3.33      2.29      2.06      2.49      2.57      3.01
      3.19      3.74      3.32      3.37      2.84      2.74      2.81      2.87
      2.66      3.06      3.00      3.11      2.76      3.11      2.88      1.98
      2.48      2.30      1.81      1.95      1.93      1.67      1.01   -0.0651
    0.0370
### Errors
      3.70      5.33      7.86      9.64      10.6      9.68      7.62      5.00
      2.57      1.47      1.43      1.48      1.50      1.60      1.65      1.61
      1.52      1.42      1.37      1.37      1.48      1.57      1.65      1.61
      1.47      1.34      1.24      1.21      1.17      1.16      1.15      1.18
      1.17      1.18      1.20      1.23      1.26      1.26      1.24      1.20
      1.15      1.17      1.17      1.15      1.17      1.14      1.18      1.18
      1.17      1.18      1.15      1.17      1.18      1.17      1.19      1.18
      1.20      1.22      1.32      1.97      2.43      2.02      1.54      2.21
      3.36
### Intensity (arb. unit)
     0.752      7.88      21.0      30.9      32.8      32.1      25.4      7.37
     0.892     0.163    -0.264     0.766      1.35     0.281      1.74      3.95
      2.32      2.03      2.63      2.03     0.968      1.37      1.96      1.74
      2.20      2.41      2.85      2.72      1.43      2.59      2.70      2.80
      2.14      2.73      2.87      2.90      2.62      2.38      3.53      2.54
      3.07      3.74      3.56      2.86      2.64      2.32      1.61      2.27
      2.24      3.63      3.75      3.39      2.90      2.63      2.42      2.24
      1.76      2.05      1.38      1.24      2.78      100.0     100.0     100.0
      100.0
### Errors
      4.39      6.48      9.61      11.8      12.9      11.5      8.99      5.77
      2.95      1.74      1.72      1.76      1.80      1.98      2.07      2.03
      1.88      1.71      1.64      1.67      1.81      1.95      1.99      1.90
      1.74      1.60      1.51      1.51      1.39      1.38      1.33      1.38
      1.41      1.44      1.44      1.52      1.54      1.50      1.44      1.39
      1.42      1.46      1.44      1.46      1.43      1.41      1.41      1.43
      1.39      1.45      1.38      1.38      1.40      1.37      1.39      1.40
      1.41      1.46      1.73      3.15      5.11     0.000     0.000     0.000
     0.000
