   31   65
### |Q| (\AA!U-1!N)
    1.0124    1.0505    1.1007    1.1503    1.2001    1.2500    1.2999    1.3501
    1.4001    1.4501    1.5001    1.5501    1.6001    1.6501    1.7001    1.7501
    1.8001    1.8501    1.9001    1.9501    2.0001    2.0501    2.1002    2.1502
    2.2002    2.2502    2.3002    2.3502    2.4003    2.4494    2.4874   0.00000
### E (meV)
  -0.18938  -0.14966 -0.098655 -0.048419 0.0010476  0.049895   0.10171   0.15269
   0.20290   0.25230   0.30109   0.34910   0.39972   0.44953   0.49854   0.54996
   0.60062   0.65040   0.69935   0.75048   0.80073   0.85011   0.90145   0.95192
    1.0015    1.0501    1.1006    1.1501    1.1987    1.2488    1.3005    1.3511
    1.4008    1.4517    1.5017    1.5505    1.6006    1.6517    1.7018    1.7507
    1.8006    1.8513    1.9008    1.9511    2.0002    2.0499    2.1001    2.1491
    2.2002    2.2500    2.3000    2.3503    2.3992    2.4497    2.5002    2.5505
    2.6008    2.6508    2.7006    2.7501    2.8003    2.8502    2.8994    2.9492
    2.9873   0.00000
### Intensity (arb. unit)
    -0.360      6.88      14.9      14.5      11.3      13.1      14.8      3.11
      1.26      2.39      2.03      1.48      1.36     0.904     0.195     0.341
     0.151     0.332     0.287     0.643      1.57      1.86      1.03     0.876
     0.440      1.48     0.703     0.499     0.231      1.19      1.08     0.863
     0.914     0.522     0.296     0.330     0.741     0.588      1.43     0.814
     0.151     0.990      1.34     0.533     0.897     0.860     0.838     0.349
     0.179    0.0248   -0.0115     0.400    -0.118     0.136     0.200     0.305
     0.439     0.253    -0.133    -0.576    -0.177    -0.218   -0.0856     0.813
     0.716
### Errors
      2.80      4.91      7.94      10.4      12.3      11.1      8.91      6.00
      3.09      1.66      1.56      1.63      1.71      1.81      1.78      1.69
      1.58      1.40      1.25      1.23      1.29      1.31      1.29      1.34
      1.28      1.06     0.962     0.979     0.968     0.884     0.858     0.902
     0.908     0.901     0.921     0.948     0.929     0.928     0.915     0.934
     0.848     0.801     0.812     0.838     0.863     0.842     0.847     0.848
     0.825     0.834     0.849     0.864     0.866     0.871     0.931     0.980
      1.04      1.09      1.05      1.03      1.02      1.07      1.16      1.24
      1.52
### Intensity (arb. unit)
      1.12      5.33      9.61      15.3      9.90      16.4      14.4      5.84
     0.645     0.755     0.702     0.531     0.950     0.595     0.464     0.961
     0.773      1.58     0.944     0.650      1.35      1.38     0.238     0.740
     0.623     0.833     0.839     0.754     0.785     0.922     0.782     0.618
     0.922     0.792     0.542     0.958      1.56      1.27     0.947     0.335
     0.169     0.500      1.01      1.06     0.819     0.624     0.593     0.643
     0.487   -0.0597     0.414   0.00771     0.129     0.288     0.202     0.235
     0.412     0.836     0.564    0.0412     0.131    -0.268    -0.164    -0.439
    -0.325
### Errors
      2.40      4.11      6.49      8.43      9.76      9.04      7.21      4.82
      2.50      1.32      1.27      1.32      1.37      1.45      1.43      1.35
      1.25      1.11      1.01     0.957     0.976     0.980      1.03      1.05
     0.984     0.865     0.801     0.799     0.770     0.763     0.765     0.783
     0.767     0.764     0.766     0.749     0.740     0.736     0.753     0.755
     0.748     0.750     0.750     0.748     0.759     0.749     0.747     0.746
     0.736     0.743     0.743     0.758     0.753     0.765     0.789     0.789
     0.810     0.839     0.856     0.869     0.886     0.916     0.921      1.02
      1.26
### Intensity (arb. unit)
      1.51      2.71      8.58      9.54      12.7      15.6      14.1      5.84
      1.33     0.206    -0.366     0.219     0.353      1.21     0.603     0.491
      1.50      1.27     0.528     0.427     0.823     0.685     0.183     0.336
     0.868     0.832     0.592      1.04     0.881     0.774     0.676     0.529
     0.673     0.688     0.789      1.16      1.30     0.804     0.601     0.371
     0.412     0.858     0.717      1.00     0.812     0.436     0.245     0.489
     0.243     0.286     0.468     0.689     0.405     0.102     0.285     0.422
     0.844     0.517   -0.0326   -0.0732    0.0739     0.106   -0.0771    -0.976
    -0.669
### Errors
      2.46      3.93      6.12      7.74      8.81      8.45      6.67      4.36
      2.22      1.17      1.15      1.19      1.23      1.31      1.28      1.20
      1.11      1.00     0.924     0.848     0.820     0.820     0.866     0.854
     0.794     0.751     0.707     0.714     0.720     0.714     0.703     0.712
     0.678     0.667     0.671     0.705     0.683     0.672     0.686     0.683
     0.674     0.677     0.667     0.665     0.688     0.698     0.726     0.711
     0.704     0.700     0.699     0.708     0.703     0.713     0.721     0.718
     0.741     0.763     0.771     0.779     0.798     0.822     0.832     0.933
      1.17
### Intensity (arb. unit)
      2.50      4.37      4.34      10.1      17.2      18.1      15.1      5.87
      1.47   -0.0724    0.0677     0.721      1.76     0.748    0.0189     0.555
     0.578     0.995      1.18     0.346     0.547      1.25      1.06      1.08
      1.30      1.12      1.13      1.29      1.36      1.33      1.05     0.728
     0.930     0.747     0.915      1.02     0.647     0.294     0.362     0.790
      1.02      1.10     0.982     0.626     0.727     0.617     0.514     0.767
     0.714     0.960     0.600     0.510     0.356     0.353     0.477     0.811
     0.567     0.400   -0.0624    -0.347   -0.0367    -0.238    -0.310    -0.795
    -0.230
### Errors
      2.40      4.04      6.13      7.70      8.71      8.28      6.64      4.34
      2.19      1.15      1.10      1.14      1.18      1.26      1.24      1.18
      1.10      1.01     0.921     0.850     0.797     0.783     0.779     0.750
     0.725     0.691     0.692     0.703     0.700     0.681     0.654     0.664
     0.681     0.684     0.699     0.723     0.688     0.677     0.680     0.699
     0.699     0.690     0.685     0.673     0.694     0.690     0.703     0.694
     0.694     0.732     0.715     0.716     0.708     0.723     0.741     0.749
     0.773     0.784     0.794     0.805     0.832     0.851     0.872     0.961
      1.15
### Intensity (arb. unit)
      2.07      3.74      8.09      14.2      21.7      21.6      13.2      4.78
     0.335    -0.242     0.816     0.679      1.35     0.876     0.217     0.316
     0.676     0.653      1.08     0.935     0.587     0.759      1.04      1.11
      1.15      1.19      1.51      1.71      1.42      1.44      1.45      1.14
      1.23     0.887     0.597     0.356     0.380     0.322     0.653      1.29
     0.911     0.897     0.789     0.811     0.974     0.367     0.573     0.989
     0.743     0.711     0.512     0.919     0.794     0.678     0.930     0.655
    -0.137    -0.150     0.488     0.495    0.0356     0.248    -0.247    -0.635
     -1.41
### Errors
      2.29      3.89      6.04      7.60      8.54      8.02      6.51      4.30
      2.19      1.14      1.10      1.17      1.20      1.28      1.26      1.23
      1.17      1.09     0.993     0.865     0.837     0.789     0.756     0.724
     0.704     0.722     0.714     0.713     0.684     0.664     0.675     0.690
     0.691     0.679     0.682     0.694     0.689     0.681     0.674     0.685
     0.676     0.676     0.697     0.709     0.698     0.679     0.678     0.674
     0.674     0.704     0.698     0.706     0.714     0.723     0.728     0.747
     0.766     0.761     0.775     0.786     0.806     0.833     0.859     0.952
      1.18
### Intensity (arb. unit)
     0.435      2.65      10.8      18.0      23.4      22.3      11.4      3.47
    -0.553    -0.734     0.617     0.579      1.18      1.22     0.695      1.81
      1.11     0.792      1.51     0.802     0.567     0.743     0.771     0.778
      1.19      1.25      1.48      1.30      1.39      1.76      1.51      1.16
      1.26     0.845     0.476     0.352     0.627     0.691      1.07      1.36
      1.20     0.675     0.916     0.824     0.827      1.15     0.788     0.626
     0.589     0.215     0.558      1.06     0.714     0.719     0.867     0.212
    -0.243     0.166     0.501     0.191     0.211     0.578     0.299    -0.874
     -1.16
### Errors
      2.36      3.99      6.27      7.90      8.88      8.29      6.71      4.44
      2.25      1.19      1.13      1.18      1.22      1.28      1.25      1.24
      1.20      1.11     0.981     0.884     0.835     0.768     0.715     0.703
     0.722     0.718     0.699     0.694     0.675     0.671     0.670     0.673
     0.664     0.673     0.689     0.680     0.657     0.650     0.664     0.691
     0.681     0.668     0.686     0.682     0.717     0.710     0.705     0.697
     0.695     0.709     0.707     0.720     0.728     0.731     0.742     0.742
     0.755     0.752     0.767     0.790     0.826     0.859     0.879     0.981
      1.21
### Intensity (arb. unit)
    -0.698      1.49      7.44      13.9      17.4      18.2      12.1      4.74
     0.427    -0.396   -0.0668     0.424     0.370      1.33      1.24      2.00
      1.08      1.77      1.16     0.352     0.792      1.28     0.933     0.852
     0.990      1.64      1.76      1.24      1.50      1.74      1.43      1.03
      1.38      1.29      1.15      1.04      1.10      1.58     0.952     0.950
      1.43     0.841      1.09     0.838     0.772      1.07      1.13     0.999
     0.448     0.607     0.603     0.721     0.842     0.753     0.849     0.675
     0.487   -0.0838     0.344     0.424     0.295    -0.326    -0.564    -0.355
    -0.521
### Errors
      2.38      4.05      6.37      7.96      8.91      8.33      6.66      4.42
      2.24      1.17      1.12      1.17      1.19      1.23      1.24      1.21
      1.16      1.08      1.00     0.935     0.859     0.757     0.728     0.737
     0.730     0.714     0.692     0.733     0.705     0.675     0.655     0.683
     0.688     0.688     0.678     0.677     0.685     0.676     0.670     0.678
     0.688     0.706     0.690     0.681     0.704     0.717     0.701     0.681
     0.687     0.700     0.701     0.720     0.726     0.718     0.731     0.727
     0.748     0.785     0.785     0.791     0.821     0.844     0.854     0.946
      1.14
### Intensity (arb. unit)
     0.837      1.54      7.32      9.58      17.4      15.0      9.54      3.53
     0.770     0.413     0.498     0.321     0.213     0.339      1.50      1.50
     0.571      1.01      1.56     0.766      1.10     0.980     0.981      1.37
      1.11      1.71      1.94      1.58      1.50      1.58      1.04      1.15
      1.34      1.09      1.25      1.34      1.52      1.53      1.07      1.21
      1.23      1.36      1.50     0.975      1.05      1.08      1.13     0.977
     0.557     0.549     0.798     0.882     0.923     0.860     0.596     0.386
     0.449     0.176     0.277     0.363    -0.284    -0.685    -0.960    -0.697
    -0.163
### Errors
      2.40      4.06      6.39      8.03      8.94      8.28      6.77      4.49
      2.26      1.19      1.19      1.24      1.25      1.30      1.28      1.25
      1.18      1.12      1.08     0.978     0.871     0.783     0.762     0.740
     0.710     0.704     0.717     0.732     0.692     0.675     0.671     0.686
     0.677     0.686     0.686     0.672     0.657     0.667     0.688     0.675
     0.665     0.680     0.696     0.676     0.679     0.686     0.700     0.692
     0.699     0.699     0.694     0.728     0.733     0.734     0.724     0.737
     0.774     0.777     0.788     0.792     0.817     0.855     0.867     0.942
      1.14
### Intensity (arb. unit)
      2.22      2.29      3.98      7.11      11.4      8.63      11.4      6.24
     0.445     0.299     0.396     0.925     0.385     0.600      1.71      1.65
     0.782      1.00      1.27     0.686     0.660     0.814      1.10      1.13
      1.33      1.49      1.28      1.83      1.80      1.32     0.799      1.14
      1.49      1.51      1.32      1.21      1.36      1.48      1.18      1.16
      1.28      1.63      1.73      1.35     0.977     0.918     0.973     0.806
     0.645     0.651     0.879     0.768     0.864     0.543     0.651     0.657
     0.926     0.310     0.217    0.0595   -0.0468    -0.366    -0.484    -0.579
    -0.298
### Errors
      2.58      4.24      6.57      8.24      9.11      8.31      6.75      4.48
      2.23      1.17      1.18      1.22      1.23      1.30      1.28      1.23
      1.17      1.16      1.10     0.969     0.892     0.810     0.745     0.708
     0.713     0.712     0.698     0.707     0.721     0.706     0.678     0.696
     0.693     0.671     0.670     0.677     0.668     0.655     0.676     0.695
     0.660     0.662     0.682     0.682     0.685     0.679     0.693     0.684
     0.697     0.707     0.694     0.723     0.722     0.710     0.720     0.740
     0.752     0.750     0.776     0.804     0.807     0.816     0.845     0.956
      1.15
### Intensity (arb. unit)
      3.23      3.68      6.80      9.34      10.8      8.03      7.99      3.44
     0.780   -0.0352   -0.0481     0.387    0.0317     0.786      2.58      1.63
      1.30     0.457     0.992     0.832     0.995      1.60     0.869      1.36
      1.66      1.65      1.42      1.96      1.52     0.961     0.616      1.14
      1.77      2.06      1.44      1.28      1.02      1.37      1.38      1.43
      1.25      1.38      1.85      1.85      1.53      1.16     0.800     0.830
      1.06     0.910     0.973      1.01     0.613     0.943     0.928     0.835
      1.16     0.305    -0.192    -0.266   -0.0380    -0.241    -0.611     -1.12
    -0.320
### Errors
      2.65      4.31      6.67      8.28      9.10      8.36      6.73      4.40
      2.15      1.15      1.15      1.18      1.21      1.32      1.29      1.21
      1.20      1.16      1.05     0.968     0.912     0.801     0.741     0.731
     0.739     0.716     0.711     0.736     0.709     0.708     0.702     0.679
     0.659     0.665     0.660     0.667     0.666     0.661     0.655     0.667
     0.666     0.661     0.667     0.676     0.676     0.671     0.678     0.705
     0.698     0.707     0.699     0.715     0.708     0.705     0.736     0.733
     0.743     0.767     0.767     0.781     0.809     0.818     0.835     0.945
      1.14
### Intensity (arb. unit)
      2.59      5.49      8.28      7.95      11.0      7.26      4.28      2.03
      1.27   0.00503    -0.277     0.904     0.536      1.04      1.33      1.50
      1.48      1.31      1.37     0.915     0.904      1.16      1.33     0.959
      1.49      1.29      1.42      2.23      1.78      1.44      1.09      1.52
      1.78      1.89      1.85      1.26      1.27      1.42      1.63      1.42
      1.18      1.55      2.00      1.70      1.44      1.24     0.983      1.02
      1.18      1.36     0.934     0.753     0.765      1.09     0.677     0.943
     0.979     0.344   -0.0790   -0.0422     0.325    0.0733    -0.624     -1.20
     -1.60
### Errors
      2.82      4.51      7.05      8.61      9.29      8.69      6.98      4.44
      2.17      1.19      1.16      1.17      1.23      1.30      1.23      1.21
      1.16      1.07     0.999     0.923     0.847     0.771     0.745     0.716
     0.714     0.710     0.695     0.700     0.706     0.687     0.675     0.696
     0.673     0.662     0.684     0.676     0.664     0.667     0.664     0.669
     0.675     0.667     0.661     0.662     0.690     0.671     0.681     0.689
     0.686     0.697     0.688     0.683     0.694     0.709     0.702     0.705
     0.724     0.730     0.749     0.751     0.766     0.802     0.819     0.924
      1.14
### Intensity (arb. unit)
     0.369      3.79      3.40      5.58      8.14      9.32      6.09      1.32
     0.232     0.212     0.220   -0.0822     0.526      1.30      1.18     0.320
     0.246     0.897     0.280      1.17     0.934     0.923     0.887     0.900
      1.49      1.14      1.25      2.23      2.00      1.96      2.00      1.77
      1.74      1.72      1.81      1.73      1.39      1.35      1.83      1.75
      1.56      1.37      1.95      1.49      1.52      1.63      1.51      1.23
      1.54      1.63      1.18      1.02     0.997     0.836     0.476     0.750
     0.810     0.476     0.312   -0.0210     0.254   -0.0404    -0.914    -0.953
     -2.56
### Errors
      2.87      4.60      7.12      8.65      9.32      8.73      6.91      4.39
      2.20      1.17      1.11      1.16      1.16      1.18      1.17      1.13
      1.06      1.03     0.990     0.892     0.856     0.785     0.734     0.723
     0.715     0.701     0.701     0.700     0.677     0.680     0.655     0.669
     0.673     0.660     0.673     0.667     0.655     0.661     0.648     0.652
     0.654     0.656     0.648     0.645     0.673     0.662     0.679     0.683
     0.669     0.697     0.686     0.710     0.709     0.709     0.738     0.714
     0.734     0.748     0.760     0.770     0.774     0.798     0.824     0.921
      1.13
### Intensity (arb. unit)
      1.70      2.64      4.04      6.12   -0.0978      4.28      3.43     0.730
    -0.658    -0.638     0.374    0.0496   -0.0666     0.870      1.23     0.746
     0.851     0.663      1.08      1.02      1.68      1.50      1.32      1.67
      1.77      1.86      1.45      1.44      1.60      1.57      2.08      2.10
      1.68      1.86      1.73      1.70      1.52      1.48      2.07      1.86
      1.24      1.46      2.05      1.47      1.85      1.79      1.61      1.53
      1.38      1.26      1.12     0.884     0.973      1.05     0.686     0.749
     0.638     0.551     0.265     0.412     0.207   0.00158    -0.380    -0.729
     -1.03
### Errors
      2.79      4.52      6.88      8.50      9.79      9.03      6.95      4.60
      2.28      1.14      1.11      1.13      1.11      1.18      1.13      1.08
      1.04     0.980     0.942     0.917     0.841     0.769     0.728     0.688
     0.694     0.685     0.663     0.675     0.652     0.643     0.635     0.631
     0.643     0.648     0.659     0.663     0.645     0.650     0.661     0.668
     0.664     0.668     0.671     0.674     0.681     0.667     0.687     0.671
     0.668     0.675     0.685     0.709     0.698     0.707     0.708     0.717
     0.720     0.745     0.759     0.776     0.799     0.825     0.846     0.936
      1.16
### Intensity (arb. unit)
      2.33      1.82      5.31     -2.96     -7.63     0.585     0.738      1.70
     0.430     0.600    0.0278   -0.0262    -0.296     0.300      1.12      1.33
     0.783     0.939      1.83      2.01      1.87      1.63      1.74      1.84
      1.68      2.02      1.95      1.69      1.62      1.70      2.17      2.45
      2.17      1.53      1.71      1.90      1.99      1.79      1.37      1.49
      1.51      1.87      1.89      1.57      1.46      1.66      1.34      1.19
     0.827      1.02      1.45      1.06     0.719     0.904     0.989     0.730
     0.529     0.223     0.162     0.170     0.139    0.0507    -0.545    -0.309
    -0.725
### Errors
      2.87      4.49      6.74      8.62      9.70      8.67      7.04      4.54
      2.22      1.12      1.05      1.06      1.07      1.09      1.07      1.04
     0.978     0.964     0.938     0.880     0.856     0.756     0.714     0.701
     0.689     0.703     0.677     0.681     0.680     0.662     0.644     0.637
     0.641     0.655     0.666     0.657     0.641     0.641     0.648     0.655
     0.644     0.653     0.664     0.672     0.666     0.665     0.673     0.679
     0.672     0.685     0.685     0.711     0.711     0.706     0.718     0.720
     0.733     0.750     0.757     0.771     0.790     0.815     0.841     0.932
      1.15
### Intensity (arb. unit)
      1.80      3.94      1.46     -3.34      1.06      5.18      1.87      1.88
     0.506     0.457      1.05     0.721     0.296     0.240     0.780     0.756
     0.498      1.20      2.45      2.39      1.69      1.36      1.58      1.93
      1.75      1.92      2.19      2.27      2.02      1.95      1.87      2.12
      2.05      1.75      1.48      1.90      2.28      2.15      1.88      1.69
      2.17      1.91      1.97      1.81      1.62      1.47      1.58      1.71
      1.60      1.33      1.52      1.47      1.34      1.17      1.20      1.13
     0.649     0.149     0.286     0.425     0.302    -0.338    -0.808    -0.673
    -0.913
### Errors
      2.78      4.29      6.56      8.16      8.92      8.34      6.55      4.28
      2.11      1.08      1.04      1.07      1.04      1.11      1.08      1.03
      1.01     0.978     0.969     0.908     0.852     0.775     0.715     0.708
     0.692     0.695     0.673     0.676     0.670     0.660     0.647     0.648
     0.641     0.652     0.656     0.656     0.649     0.650     0.656     0.651
     0.650     0.655     0.672     0.673     0.680     0.651     0.670     0.668
     0.669     0.686     0.678     0.697     0.710     0.710     0.717     0.725
     0.748     0.755     0.779     0.781     0.802     0.824     0.850     0.933
      1.15
### Intensity (arb. unit)
      1.67      2.50    -0.539      3.17      2.53     -2.07     -3.87      1.19
     0.565     0.142     0.889      1.14     0.674     0.528      1.23      1.64
      1.45      1.75      2.28      2.52      1.61      1.41      1.97      2.37
      2.51      2.24      2.42      2.18      2.43      2.30      2.27      2.41
      1.99      2.15      1.87      1.67      1.62      2.05      2.07      2.24
      2.16      1.95      2.00      2.12      1.82      1.94      1.88      2.42
      1.94      1.69      1.47      1.50      1.30      1.10      1.03      1.01
     0.961     0.761     0.568     0.693     0.674    -0.134    -0.767    -0.872
    -0.328
### Errors
      2.78      4.42      6.69      8.20      9.27      8.33      6.65      4.24
      2.06      1.10      1.03      1.05      1.06      1.07      1.05      1.00
     0.987     0.975     0.945     0.892     0.841     0.772     0.717     0.697
     0.707     0.698     0.682     0.682     0.670     0.656     0.654     0.665
     0.652     0.652     0.660     0.651     0.647     0.646     0.652     0.653
     0.650     0.651     0.649     0.658     0.669     0.650     0.672     0.673
     0.671     0.699     0.685     0.712     0.707     0.711     0.724     0.728
     0.739     0.741     0.761     0.769     0.790     0.807     0.822     0.923
      1.11
### Intensity (arb. unit)
      2.78      2.94      3.92      8.16      7.66     0.151     -3.56      1.89
      1.29     0.871      1.07      1.39     0.983     0.817      1.97      2.60
      2.39      2.33      2.36      1.99      1.91      2.05      2.51      2.56
      2.42      2.54      2.33      2.04      1.99      2.46      2.35      2.29
      2.55      2.50      2.35      2.20      1.86      2.19      2.50      2.27
      2.12      2.22      1.90      1.86      2.36      2.29      2.27      2.09
      1.90      1.60      1.55      1.51      1.30      1.33      1.07     0.788
     0.835     0.899     0.526     0.904     0.598    -0.460    -0.686    -0.789
    -0.638
### Errors
      2.87      4.33      6.50      8.09      8.80      8.21      6.38      4.12
      2.00      1.07      1.04      1.03      1.02      1.06      1.03      1.01
     0.972     0.973     0.936     0.884     0.837     0.764     0.726     0.706
     0.703     0.694     0.676     0.681     0.663     0.655     0.641     0.660
     0.643     0.642     0.647     0.667     0.656     0.658     0.656     0.678
     0.660     0.655     0.647     0.654     0.661     0.650     0.665     0.659
     0.668     0.684     0.686     0.692     0.684     0.694     0.706     0.716
     0.727     0.733     0.764     0.769     0.779     0.801     0.821     0.906
      1.10
### Intensity (arb. unit)
      1.99      5.57      11.4      17.4      13.0      9.96      5.21      4.44
      2.73      1.35      1.55      2.34      2.46      1.92      1.87      2.60
      2.94      2.24      2.54      2.34      2.07      2.20      2.82      2.82
      2.36      2.40      2.41      2.40      2.49      2.48      2.59      2.49
      2.88      2.96      2.43      2.47      2.36      2.08      2.24      2.68
      2.42      2.10      2.18      2.07      1.86      1.79      2.13      1.99
      1.65      1.41      1.67      1.74      1.74      1.50      1.04     0.488
     0.775     0.972     0.689     0.662     0.395    -0.193    -0.345    -0.345
    -0.195
### Errors
      2.80      4.35      6.50      7.94      8.88      7.96      6.39      4.04
      1.97      1.06      1.01      1.01      1.00      1.07      1.02     0.997
     0.953     0.923     0.896     0.847     0.804     0.740     0.711     0.705
     0.709     0.696     0.681     0.692     0.666     0.664     0.647     0.652
     0.644     0.643     0.649     0.661     0.645     0.640     0.641     0.658
     0.654     0.643     0.653     0.647     0.654     0.651     0.659     0.674
     0.676     0.679     0.680     0.688     0.677     0.685     0.692     0.703
     0.705     0.715     0.731     0.751     0.778     0.805     0.820     0.925
      1.13
### Intensity (arb. unit)
      2.71      5.04      19.6      30.6      29.4      23.7      18.7      8.98
      3.82      2.65      1.97      2.34      2.98      2.46      2.62      3.22
      3.19      3.43      3.59      2.85      2.77      3.39      3.74      3.12
      2.62      2.86      2.84      2.71      2.50      2.67      2.89      2.98
      2.76      2.98      2.89      2.53      2.88      2.49      2.28      2.74
      2.24      2.42      2.31      2.20      1.86      1.71      1.99      2.02
      1.59      1.42      1.61      2.08      1.86      1.43      1.23     0.896
     0.919      1.12     0.738     0.567     0.496    -0.273    -0.559    -0.452
     0.194
### Errors
      2.85      4.27      6.46      7.72      8.48      7.83      6.13      3.98
      1.95      1.01     0.956     0.979     0.991      1.06      1.05      1.01
     0.973     0.918     0.866     0.805     0.772     0.731     0.704     0.706
     0.704     0.690     0.670     0.678     0.659     0.640     0.631     0.644
     0.643     0.641     0.653     0.652     0.647     0.645     0.645     0.656
     0.643     0.652     0.661     0.645     0.654     0.647     0.656     0.661
     0.664     0.675     0.663     0.675     0.691     0.690     0.693     0.704
     0.713     0.722     0.736     0.737     0.768     0.794     0.806     0.899
      1.11
### Intensity (arb. unit)
      5.28      10.1      24.2      45.0      52.0      46.5      33.2      15.1
      5.75      3.11      3.05      2.78      3.06      2.70      2.61      3.58
      4.17      3.79      4.28      3.65      3.39      3.77      3.56      3.34
      2.90      3.19      3.05      3.25      3.08      3.07      2.81      2.80
      2.83      2.75      2.90      2.91      2.99      2.81      2.49      2.51
      2.13      1.89      2.26      2.40      2.25      2.46      2.48      2.26
      1.55      1.72      1.83      1.66      1.77      1.39      1.25      1.24
      1.15      1.10     0.764     0.997     0.473    -0.350    -0.261    -0.635
    -0.686
### Errors
      2.72      4.17      6.20      7.79      8.48      7.90      6.12      3.94
      1.95      1.02     0.978     0.997      1.01      1.06      1.05      1.01
     0.951     0.894     0.821     0.770     0.749     0.710     0.687     0.690
     0.694     0.677     0.673     0.675     0.659     0.647     0.642     0.649
     0.647     0.650     0.637     0.648     0.642     0.643     0.651     0.640
     0.643     0.643     0.641     0.650     0.657     0.647     0.659     0.661
     0.648     0.659     0.660     0.677     0.676     0.676     0.684     0.697
     0.710     0.719     0.735     0.746     0.755     0.778     0.792     0.879
      1.07
### Intensity (arb. unit)
      5.30      15.9      34.8      58.2      60.7      58.8      41.1      18.2
      5.64      3.36      3.35      3.10      2.97      2.91      3.57      3.74
      3.90      3.98      4.49      4.33      4.05      3.61      3.47      3.46
      3.13      3.48      3.38      3.26      3.14      2.74      2.86      3.14
      2.90      2.78      2.91      2.76      2.95      2.55      2.30      2.44
      2.25      2.23      2.35      2.47      2.30      2.05      2.59      2.27
      1.96      2.18      2.24      1.91      1.97      1.49     0.986      1.37
      1.10     0.924     0.959     0.792     0.526     0.335     0.745    -0.192
    -0.764
### Errors
      2.71      4.10      6.15      7.62      8.33      7.58      5.94      3.78
      1.87     0.996     0.947     0.962     0.979      1.04      1.03     0.992
     0.936     0.879     0.819     0.766     0.757     0.713     0.702     0.683
     0.690     0.670     0.660     0.671     0.654     0.642     0.630     0.644
     0.630     0.624     0.644     0.643     0.634     0.642     0.649     0.649
     0.640     0.630     0.627     0.632     0.637     0.630     0.655     0.645
     0.643     0.660     0.663     0.682     0.675     0.672     0.678     0.686
     0.701     0.708     0.719     0.732     0.738     0.762     0.787     0.866
      1.05
### Intensity (arb. unit)
      7.42      22.8      49.6      68.9      73.1      68.0      46.0      18.4
      5.36      3.10      3.67      3.88      3.63      3.34      3.34      3.23
      3.42      4.50      4.76      4.29      3.44      3.17      3.55      3.48
      3.33      3.70      3.77      3.77      3.51      3.19      3.19      3.34
      3.32      2.96      3.03      2.95      2.58      2.31      2.76      2.67
      2.87      2.89      2.52      2.44      2.52      2.27      2.43      2.01
      2.23      2.26      2.19      2.02      1.82      1.85      1.55      1.30
      1.33      1.11      1.10     0.878     0.295     0.461     0.453     0.141
    -0.529
### Errors
      2.70      4.04      6.06      7.33      8.11      7.37      5.76      3.67
      1.80     0.983     0.940     0.961     0.980      1.04      1.03     0.977
     0.912     0.840     0.797     0.755     0.738     0.698     0.684     0.681
     0.675     0.681     0.663     0.672     0.658     0.636     0.634     0.643
     0.625     0.624     0.634     0.629     0.627     0.633     0.635     0.637
     0.630     0.632     0.639     0.639     0.639     0.638     0.645     0.640
     0.641     0.647     0.641     0.656     0.658     0.668     0.681     0.681
     0.695     0.691     0.706     0.714     0.719     0.737     0.756     0.841
      1.03
### Intensity (arb. unit)
      7.32      23.0      51.6      76.9      83.1      72.3      45.7      17.4
      4.48      3.27      4.33      4.59      3.85      3.74      4.08      3.84
      3.95      4.03      4.62      4.22      3.76      3.43      3.67      3.71
      3.75      3.66      3.75      3.97      3.86      3.29      3.05      3.72
      3.63      3.16      2.84      2.97      2.86      3.15      3.07      3.03
      3.18      3.09      3.10      2.94      2.25      2.30      2.59      2.35
      2.62      2.62      2.36      2.00      2.09      2.52      2.14      1.53
      1.38      1.10     0.883     0.977     0.504     0.875     0.758    0.0409
   0.00359
### Errors
      2.72      3.99      5.94      7.17      7.83      7.11      5.48      3.46
      1.71     0.966     0.924     0.945     0.975      1.03      1.01     0.958
     0.910     0.841     0.782     0.736     0.721     0.701     0.681     0.687
     0.690     0.680     0.664     0.663     0.643     0.631     0.616     0.620
     0.631     0.634     0.637     0.635     0.635     0.638     0.637     0.635
     0.627     0.628     0.624     0.627     0.631     0.627     0.648     0.646
     0.638     0.641     0.632     0.642     0.640     0.641     0.654     0.657
     0.666     0.681     0.692     0.700     0.708     0.729     0.740     0.816
     0.986
### Intensity (arb. unit)
      5.02      19.1      44.8      67.8      71.3      62.9      43.6      16.3
      4.83      3.25      3.39      3.76      3.79      3.28      4.09      3.66
      3.99      3.90      4.24      4.00      4.21      3.95      3.92      3.86
      3.65      3.49      3.36      3.59      3.96      3.57      3.51      3.92
      3.94      3.56      3.22      3.12      3.03      3.46      3.24      2.80
      3.41      3.80      3.79      3.15      2.57      2.57      2.67      2.61
      2.63      2.44      2.31      2.66      2.45      2.42      2.42      1.57
      1.36      1.43      1.01      1.02     0.894     0.964     0.797     0.244
     0.253
### Errors
      2.63      3.78      5.51      6.71      7.26      6.60      5.15      3.27
      1.62     0.932     0.922     0.943     0.991      1.04      1.01     0.951
     0.880     0.824     0.773     0.735     0.733     0.695     0.685     0.701
     0.720     0.715     0.685     0.671     0.653     0.636     0.616     0.618
     0.620     0.625     0.624     0.635     0.631     0.633     0.637     0.642
     0.631     0.632     0.622     0.618     0.628     0.623     0.639     0.629
     0.615     0.620     0.626     0.640     0.636     0.633     0.638     0.641
     0.655     0.673     0.682     0.689     0.708     0.728     0.737     0.807
     0.971
### Intensity (arb. unit)
      5.72      15.9      35.7      58.2      64.9      48.9      32.1      14.0
      4.69      2.69      2.92      3.79      4.34      4.25      3.92      3.57
      3.54      3.83      3.52      3.35      4.01      4.68      4.30      3.89
      3.33      4.07      4.03      3.77      3.84      3.70      3.93      4.18
      4.10      3.90      3.68      3.62      3.29      3.48      3.26      3.18
      3.20      3.41      3.42      3.18      2.99      2.91      2.69      2.83
      2.78      2.56      2.60      2.74      2.73      2.26      2.17      1.50
      1.17      1.25      1.45      1.16     0.881     0.997     0.559     0.367
     0.152
### Errors
      2.62      3.69      5.35      6.52      7.09      6.35      4.94      3.13
      1.56     0.904     0.894     0.938     0.963      1.02     0.997     0.953
     0.897     0.815     0.789     0.769     0.763     0.735     0.715     0.740
     0.783     0.766     0.711     0.671     0.629     0.618     0.610     0.630
     0.628     0.628     0.632     0.633     0.624     0.629     0.627     0.620
     0.614     0.618     0.615     0.619     0.627     0.620     0.626     0.613
     0.605     0.617     0.611     0.627     0.632     0.638     0.648     0.646
     0.648     0.653     0.674     0.676     0.688     0.711     0.722     0.789
     0.961
### Intensity (arb. unit)
      5.97      14.4      34.1      49.0      54.9      43.2      27.5      13.4
      4.24      2.44      2.94      2.96      3.49      3.82      3.51      3.12
      3.50      3.81      3.30      3.14      3.77      4.04      3.85      3.62
      3.66      4.34      4.06      4.17      3.85      3.93      4.03      3.79
      3.43      3.69      3.54      3.81      4.05      3.99      3.74      3.59
      3.31      3.06      3.04      3.12      2.96      2.81      2.87      3.11
      2.91      2.66      2.51      2.63      2.74      2.27      1.95      1.40
      1.45      1.43      1.20      1.07     0.853     0.745     0.589     0.454
     0.232
### Errors
      2.52      3.55      5.17      6.19      6.78      6.13      4.80      3.07
      1.51     0.905     0.900     0.933     0.973      1.01     0.995     0.957
     0.868     0.799     0.767     0.764     0.779     0.754     0.773     0.831
     0.884     0.844     0.743     0.674     0.630     0.607     0.599     0.611
     0.606     0.611     0.615     0.623     0.622     0.616     0.626     0.616
     0.613     0.617     0.615     0.608     0.616     0.607     0.622     0.610
     0.608     0.616     0.610     0.620     0.622     0.622     0.634     0.638
     0.649     0.645     0.658     0.667     0.671     0.689     0.707     0.772
     0.926
### Intensity (arb. unit)
      5.41      13.9      30.0      39.9      45.8      40.6      27.7      12.0
      4.21      2.67      2.36      2.91      3.07      2.97      2.64      2.95
      3.35      3.48      3.53      3.03      3.11      3.32      3.54      3.86
      3.54      3.77      4.17      3.90      3.59      4.25      3.97      3.81
      3.40      3.63      3.56      3.48      3.71      3.59      3.65      3.67
      3.66      3.41      3.18      3.19      2.85      2.50      2.77      3.06
      3.04      2.87      2.79      2.94      2.65      2.40      2.27      2.15
      2.05      1.86      1.39      1.09      1.13      1.13     0.646     0.408
     0.148
### Errors
      2.46      3.46      5.09      6.11      6.56      6.05      4.66      2.93
      1.48     0.871     0.877     0.918     0.938     0.996     0.991     0.945
     0.862     0.780     0.730     0.704     0.714     0.737     0.810     0.911
     0.946     0.867     0.714     0.643     0.624     0.610     0.592     0.601
     0.592     0.595     0.609     0.624     0.623     0.625     0.629     0.622
     0.611     0.619     0.617     0.612     0.618     0.601     0.609     0.597
     0.590     0.608     0.603     0.611     0.615     0.607     0.613     0.615
     0.622     0.632     0.643     0.653     0.654     0.675     0.690     0.755
     0.901
### Intensity (arb. unit)
      3.54      11.3      26.3      40.1      44.2      36.7      24.8      10.8
      3.41      2.28      2.25      2.59      2.32      2.71      3.20      3.49
      3.12      3.12      2.91      2.57      2.10      2.46      3.05      3.71
      3.42      2.98      3.47      3.20      3.46      4.05      3.71      3.75
      4.33      4.45      3.97      3.68      3.01      3.24      3.46      3.54
      3.62      3.82      3.58      3.60      3.46      3.07      3.27      3.03
      2.96      2.90      3.22      3.19      2.63      2.51      2.47      2.37
      2.36      2.48      2.25      1.52      1.02      1.22     0.791    0.0578
     0.188
### Errors
      2.36      3.38      4.87      5.90      6.48      5.85      4.60      2.96
      1.49     0.879     0.876     0.904     0.919     0.958     0.940     0.914
     0.842     0.742     0.684     0.657     0.701     0.769     0.889     0.979
     0.968     0.831     0.678     0.620     0.593     0.585     0.578     0.591
     0.591     0.596     0.611     0.630     0.654     0.673     0.650     0.616
     0.586     0.590     0.600     0.607     0.608     0.588     0.593     0.582
     0.573     0.587     0.587     0.602     0.600     0.593     0.593     0.597
     0.610     0.623     0.630     0.634     0.643     0.655     0.660     0.722
     0.883
### Intensity (arb. unit)
      3.80      11.7      23.2      33.9      37.9      35.3      23.7      9.00
      2.04      1.25      1.62      1.63      2.01      2.73      2.76      2.43
      2.45      2.75      2.66      2.07      2.12      2.14      2.92      3.00
      2.93      2.87      3.03      3.08      3.46      3.64      3.81      4.02
      3.90      3.94      3.75      3.28      3.17      3.53      3.33      3.29
      3.51      3.79      3.72      3.81      3.75      3.58      3.62      3.23
      3.06      2.97      3.24      3.18      3.20      2.90      2.91      2.68
      2.55      2.74      2.52      1.97      1.32     0.794     0.647     0.353
     0.700
### Errors
      2.36      3.28      4.80      5.81      6.27      5.73      4.54      2.95
      1.50     0.845     0.833     0.860     0.889     0.940     0.931     0.904
     0.841     0.740     0.679     0.676     0.734     0.809     0.915     0.969
     0.903     0.779     0.650     0.610     0.582     0.577     0.572     0.583
     0.585     0.586     0.598     0.610     0.626     0.638     0.624     0.596
     0.566     0.564     0.570     0.571     0.579     0.574     0.578     0.570
     0.565     0.573     0.571     0.585     0.587     0.582     0.588     0.588
     0.596     0.600     0.615     0.620     0.627     0.644     0.678     0.857
      1.13
### Intensity (arb. unit)
      2.89      9.00      23.8      33.4      35.2      35.5      21.9      8.24
      1.74     0.778     0.741     0.996      1.28      1.65      1.12      1.32
      1.30      2.14      2.15      1.89      1.94      2.42      2.31      2.55
      2.73      2.82      2.69      2.66      3.09      3.13      3.57      3.38
      3.01      3.29      3.43      3.30      2.99      2.88      2.97      3.11
      3.44      3.70      3.51      3.26      3.23      3.31      3.45      3.46
      3.00      2.92      3.14      3.07      3.19      3.26      3.21      2.67
      2.39      2.28      2.40      2.28      1.87      1.65     0.748     0.293
     0.725
### Errors
      2.39      3.44      5.07      6.22      6.85      6.25      4.91      3.22
      1.64     0.904     0.878     0.904     0.938      1.01      1.01     0.982
     0.918     0.837     0.780     0.796     0.886     0.956      1.01     0.985
     0.884     0.754     0.659     0.639     0.622     0.616     0.611     0.626
     0.624     0.625     0.634     0.657     0.668     0.672     0.661     0.633
     0.607     0.605     0.610     0.604     0.616     0.605     0.622     0.619
     0.613     0.615     0.604     0.613     0.618     0.615     0.621     0.618
     0.615     0.624     0.683      1.10      1.39      1.13     0.773      1.12
      1.72
### Intensity (arb. unit)
      1.86      9.64      23.0      34.5      40.2      28.2      19.0      6.28
     0.819     0.706     0.751      1.76      2.20     0.738     0.111     0.842
     0.632      1.91      2.20      1.94      1.93      2.28      3.32      1.98
      2.71      2.54      2.16      2.21      2.03      2.63      3.00      3.05
      2.95      3.00      3.71      3.65      3.05      2.52      3.21      2.89
      3.42      3.55      3.44      2.71      2.90      3.19      2.83      2.63
      2.89      2.64      2.68      2.96      3.06      3.43      3.01      2.39
      2.43      2.11      1.68      2.24      1.81      100.0    100.0      100.0       
      100.0
### Errors
      2.87      4.21      6.22      7.64      8.40      7.46      5.78      3.72
      1.89      1.09      1.09      1.11      1.13      1.26      1.28      1.22
      1.13      1.01     0.952     0.980      1.11      1.21      1.24      1.15
      1.01     0.884     0.791     0.791     0.747     0.718     0.716     0.731
     0.748     0.755     0.781     0.809     0.803     0.791     0.758     0.732
     0.742     0.756     0.754     0.759     0.748     0.729     0.740     0.749
     0.742     0.740     0.707     0.717     0.732     0.734     0.734     0.722
     0.727     0.750     0.887      1.78      2.99     0.000     0.000     0.000
     0.000
