   41   84
### |Q| (\AA!U-1!N)
    1.0184    1.0746    1.1507    1.2246    1.2987    1.3762    1.4512    1.5253
    1.6004    1.6754    1.7502    1.8250    1.8998    1.9752    2.0500    2.1249
    2.2001    2.2752    2.3502    2.4252    2.5001    2.5750    2.6500    2.7251
    2.8001    2.8752    2.9502    3.0252    3.1001    3.1751    3.2500    3.3251
    3.4002    3.4752    3.5501    3.6251    3.7002    3.7752    3.8503    3.9253
    3.9813   0.00000
### E (meV)
  -0.17322  -0.12595 -0.047722  0.029855   0.10676   0.18292   0.24343   0.31836
   0.40754   0.48108   0.55403   0.62630   0.69795   0.78314   0.85348   0.92319
    1.0061    1.0745    1.1423    1.2229    1.3028    1.3819    1.4601    1.5248
    1.5888    1.6650    1.7404    1.8151    1.8891    1.9744    2.0589    2.1304
    2.2013    2.2715    2.3525    2.4327    2.5006    2.5791    2.6567    2.7225
    2.7986    2.8738    2.9481    3.0217    3.0944    3.1767    3.2477    3.3181
    3.3976    3.4760    3.5536    3.6302    3.7059    3.7807    3.8546    3.9276
    3.9998    4.0710    4.1503    4.2285    4.2971    4.3733    4.4487    4.5230
    4.6045    4.6767    4.7481    4.8264    4.9036    4.9797    5.0547    5.1287
    5.2017    5.2737    5.3518    5.4286    5.4975    5.5722    5.6526    5.7250
    5.7964    5.8731    5.9486    5.9921   0.00000
### Intensity (arb. unit)
     -8.81    -0.180      9.41      36.2      42.3      40.1      32.7      45.1
      24.1      9.51     -10.9     -15.2     -2.15     0.927     0.416      2.99
      3.11      4.58      1.44      2.83      3.38      3.67     0.643    -0.937
      1.55     0.651      3.01      2.06      2.30      2.00     0.852    -0.527
      3.95      4.15      2.27      1.37      3.36      3.89      4.39      5.34
      6.32      5.31      3.85      3.84      2.72      2.79      3.20      1.57
      2.30      3.55      3.28      1.95     0.992      1.63      2.79      1.96
      2.24     0.260      1.44      2.03    -0.354     0.303      2.65      1.19
      1.49      2.10      3.02      2.77      1.25     0.264     0.633     0.489
     0.812      1.69      1.27      1.56      2.62      2.31      1.18      1.53
     0.242      2.06      1.96      1.95
### Errors
      41.4      33.9      30.0      31.7      28.1      28.5      28.0      23.8
      21.6      21.6      18.9      16.6      12.0      7.48      5.19      3.73
      3.33      3.45      3.30      3.45      3.75      3.96      3.95      4.14
      3.57      3.42      3.49      3.42      3.42      3.19      3.34      3.47
      3.38      3.09      2.94      3.16      3.27      3.01      3.15      3.07
      2.98      2.88      2.58      2.63      2.49      2.52      2.67      2.47
      2.31      2.30      2.39      2.34      2.38      2.32      2.40      2.46
      2.54      2.45      2.24      2.28      2.39      2.44      2.50      2.26
      2.19      2.59      2.37      2.33      2.32      2.24      2.18      2.24
      2.41      2.39      2.18      2.15      2.30      2.23      2.23      2.22
      2.21      2.45      2.82      4.04
### Intensity (arb. unit)
      5.26      6.62      18.8      33.7      29.6      22.1      35.4      30.2
      21.7      6.18     -6.80     -11.6     -4.13      1.23      1.96      3.63
      4.84      2.50     0.963      3.69      4.92      2.09      1.82      2.76
      3.56      3.05      2.00      3.20      2.99      2.07      3.00      2.34
      3.22      3.61      2.60     0.854      1.80      3.19      4.62      4.21
      4.28      4.09      4.16      3.32      2.63      2.72      1.81      1.65
      2.67      2.90      2.42      2.58      2.16      2.66      3.80      2.74
      3.45      2.20      2.13      2.99      1.46      1.76      2.40      2.02
      1.33      2.40      3.21      3.37      2.50     0.313     0.818      1.00
      1.66      2.08      2.12     0.833      1.41      2.33      1.84     0.585
      1.00      1.69      2.09      3.52
### Errors
      31.2      25.7      22.8      23.9      23.0      24.5      24.1      20.4
      18.5      18.1      15.4      13.3      9.65      6.21      4.48      3.21
      2.81      2.93      2.74      2.69      2.74      2.79      2.89      3.00
      2.68      2.52      2.51      2.49      2.43      2.31      2.42      2.46
      2.41      2.28      2.18      2.32      2.33      2.22      2.30      2.29
      2.19      2.19      2.06      2.09      1.99      2.00      2.15      2.03
      1.92      1.94      1.91      1.92      1.92      1.94      2.01      2.03
      2.07      2.00      1.88      1.97      2.01      1.93      1.96      1.85
      1.85      1.95      1.91      1.87      1.91      1.89      1.87      1.87
      1.90      1.89      1.87      1.84      1.87      1.81      1.81      1.87
      1.83      1.84      2.51      3.94
### Intensity (arb. unit)
      39.8      22.9      28.3      33.3      14.5      7.31      11.9      11.5
      14.8      13.8      9.11     -3.04      3.87     0.140     0.626      2.36
      3.71      3.53      2.59      3.64      4.97      1.65      2.45      3.06
      5.13      3.75      3.52      3.75      3.36      2.50      2.89      3.11
      3.04      4.40      3.43      2.35      2.35      3.16      3.84      4.92
      4.78      3.49      3.07      3.24      3.00      1.86      1.96      2.90
      3.20      2.54      2.11      3.07      3.16      2.50      3.20      2.38
      3.12      3.05      2.81      1.96      1.83      2.23      2.57      2.05
      1.63      1.96      3.20      4.16      3.08      1.29      1.83      2.41
      3.21      3.50      2.07      1.02      1.22      1.57      1.26      1.53
     0.586      1.68      2.08      1.09
### Errors
      28.3      22.8      19.8      21.3      21.2      23.3      22.8      19.0
      17.0      16.5      13.8      11.8      8.53      5.48      3.93      2.90
      2.58      2.68      2.47      2.34      2.38      2.42      2.48      2.71
      2.40      2.23      2.21      2.14      2.09      1.97      2.03      2.08
      2.05      1.96      1.88      2.00      2.00      1.88      1.97      1.94
      1.86      1.90      1.85      1.86      1.77      1.80      1.94      1.85
      1.79      1.80      1.83      1.85      1.77      1.78      1.85      1.86
      1.84      1.77      1.73      1.82      1.84      1.75      1.76      1.71
      1.73      1.86      1.75      1.70      1.70      1.69      1.78      1.77
      1.72      1.73      1.67      1.71      1.80      1.75      1.74      1.71
      1.71      1.71      2.48      3.87
### Intensity (arb. unit)
      36.2      23.5      31.5      24.8      17.0     0.186      8.93     -3.16
      9.19      9.67      11.3      4.62     0.639     0.439    -0.455      1.59
      2.40      4.01      2.85      4.02      5.05      4.50      3.16      1.73
      4.37      4.03      3.89      3.38      3.87      3.48      2.46      3.97
      2.80      3.61      2.55      2.26      2.88      3.57      2.06      2.63
      3.66      3.16      3.12      2.63      2.08      2.27      2.35      3.03
      2.29      1.49      2.26      3.80      3.42      2.14      1.11      1.89
      1.79      3.20      3.02      3.18      2.64      2.85      2.71      2.31
      2.87      3.23      3.06      3.76      2.74      2.31      1.47      1.07
      2.73      2.56      2.75      1.96      2.58      2.18      1.45     0.899
     0.911      1.77      1.60    -0.424
### Errors
      29.6      23.6      20.7      22.1      21.8      23.5      23.1      19.7
      18.0      18.0      15.0      12.8      9.31      6.04      4.36      3.31
      2.92      3.09      2.88      2.68      2.62      2.56      2.65      2.84
      2.60      2.51      2.52      2.49      2.44      2.28      2.38      2.41
      2.39      2.38      2.27      2.43      2.38      2.26      2.36      2.39
      2.23      2.23      2.15      2.21      2.09      2.14      2.26      2.16
      2.12      2.10      2.14      2.19      2.12      2.08      2.10      2.14
      2.10      2.01      1.92      2.01      2.00      1.96      2.02      2.01
      2.09      2.19      2.07      2.01      1.97      1.93      1.91      1.95
      1.97      1.94      1.88      1.92      1.94      1.83      1.83      1.93
      1.87      1.84      2.65      4.21
### Intensity (arb. unit)
      13.3      16.9      24.1      14.5     -2.24      15.4      19.4      12.0
      2.70     -11.4      2.21      4.95      2.93     0.747      1.38      2.20
      3.12      4.43      4.52      4.95      6.23      3.43      2.65      4.07
      4.43      2.12      3.26      2.88      4.57      3.57      5.19      4.27
      3.58      3.83      1.98    0.0228      2.19      3.53      1.23      1.78
      3.21      2.33      3.04      2.94      2.38      3.29      2.86      3.07
      1.18      1.69      3.05      2.86      3.76      1.88      1.26      3.20
      3.02      2.39      2.95      4.12      3.94      2.67      2.16      2.84
      3.69      3.77      3.00      3.38      3.32      1.93      1.70      2.09
      2.77      2.75      2.53      2.66      2.92      2.75      1.17     0.803
      1.29      1.51      1.63     0.247
### Errors
      33.6      28.4      25.6      27.3      26.5      28.7      28.2      23.9
      21.9      21.6      18.1      15.3      11.1      7.16      5.86      4.34
      3.83      4.15      3.83      3.51      3.45      3.32      3.42      3.65
      3.32      3.18      3.09      3.05      2.95      2.77      2.93      2.99
      2.95      2.99      2.91      3.21      3.10      3.02      3.18      3.10
      2.95      2.86      2.79      2.90      2.74      2.76      2.91      2.78
      2.71      2.64      2.68      2.74      2.70      2.60      2.72      2.77
      2.70      2.57      2.54      2.64      2.53      2.46      2.61      2.64
      2.69      2.76      2.57      2.57      2.53      2.45      2.53      2.68
      2.66      2.46      2.35      2.37      2.36      2.26      2.33      2.47
      2.33      2.10      3.13      4.96
### Intensity (arb. unit)
     -6.07      26.7      13.7      7.79      3.01      16.2      7.07      3.28
      2.33      10.6      14.3      9.82      3.27     0.272      5.05      5.00
      2.92      5.21      4.09      5.03      6.49      6.65      3.91      6.32
      4.84      3.71      3.85      4.14      4.59      3.99      4.15      3.51
      4.90      4.16      2.94      1.04      3.71      3.20      3.75      4.88
      3.45      2.40      2.16      4.96      4.75      3.72      4.41      3.76
      2.91      4.44      4.17      2.75      2.50      1.99     0.397      2.59
      5.06      4.94      4.11      4.41      3.73      3.74      2.36      1.84
      3.27      3.29      2.60      3.06      3.13      2.28      2.12      3.38
      2.20      1.41      3.09      3.36      2.05      1.22      1.99      2.49
      4.09      2.98      1.06    -0.678
### Errors
      42.7      34.7      29.8      31.7      30.9      33.1      32.3      28.2
      26.5      26.4      21.7      18.6      13.3      8.32      5.97      4.42
      3.85      4.12      3.71      3.43      3.50      3.71      3.80      3.92
      3.75      3.57      3.39      3.29      3.17      2.99      3.09      3.04
      3.08      3.03      2.91      3.11      3.15      3.00      3.19      3.19
      3.03      3.12      3.10      3.32      3.02      3.02      3.14      2.95
      2.83      2.83      2.84      2.85      2.84      2.76      2.87      2.93
      2.98      2.92      2.81      2.93      2.78      2.68      2.75      2.65
      2.70      2.71      2.59      2.59      2.59      2.62      2.80      2.89
      2.80      2.70      2.72      2.81      2.75      2.76      2.68      2.68
      2.63      2.51      3.80      6.39
### Intensity (arb. unit)
      20.8      32.2      14.4      19.6     -10.8      19.4      1.51     0.259
     -22.5     -13.8      3.56      6.21     -2.59      2.78      9.99      7.38
      2.17      5.40      5.71      4.50      9.25      9.71      7.52      5.74
      5.57      5.82      3.49      4.43      4.32      2.84      2.90      5.18
      5.01      4.22      2.90      3.38      4.22      4.94      3.89      4.26
      3.99      3.30      2.02      2.73      4.33      2.72      4.25      4.47
      3.96      4.23      2.91      2.38      4.35      4.19     0.929      2.32
      3.88      4.77      4.35      3.93      1.92      3.28      2.70      1.67
      2.90      3.83      4.35      3.63      1.97      1.46      2.75      2.49
     0.653     0.805      1.57      3.61      2.27      2.20      3.29      2.52
      3.29      3.46      3.41      1.43
### Errors
      42.4      34.7      32.0      34.6      33.6      36.2      34.8      29.1
      26.9      26.4      21.7      18.1      13.2      8.79      6.34      4.59
      4.06      4.01      3.66      3.50      3.54      3.52      3.64      3.81
      3.54      3.37      3.40      3.48      3.43      3.08      3.18      3.19
      3.10      2.97      2.79      3.03      3.06      2.91      3.09      3.04
      2.97      3.11      2.96      3.07      2.94      2.94      3.19      2.88
      2.76      2.79      2.84      2.80      2.75      2.79      2.84      2.84
      2.83      2.91      2.78      2.90      2.87      2.77      2.79      2.72
      2.83      2.93      2.76      2.71      2.70      2.73      2.69      2.64
      2.69      2.66      2.62      2.78      2.83      2.74      2.72      2.80
      2.75      2.75      4.11      6.85
### Intensity (arb. unit)
      48.8      29.9      21.9      14.9      11.1      11.8      16.7     -8.90
     -17.4     -23.9     -4.32      4.35      3.39      2.06      5.84      5.28
      3.46      3.66      8.08      6.47      8.60      10.6      6.35      5.51
      7.91      6.48      5.40      4.77      3.20      3.13      4.54      7.35
      5.11      4.08      3.84      2.64      4.95      5.37      3.46      3.34
      4.84      4.80      2.49      1.95      2.36      2.36      2.40      4.32
      3.46      4.55      4.55      3.74      5.91      5.15      2.92      1.52
      2.96      4.91      4.47      3.75      2.58      3.16      3.02      2.34
      2.51      3.36      4.43      4.93      2.12      2.72      4.33      2.64
      2.57      1.80      2.37      3.73      2.84      1.22      3.01      2.72
      1.71      3.10      3.53      3.80
### Errors
      43.2      35.2      31.7      33.9      32.6      34.7      35.2      31.1
      28.6      28.2      22.7      18.8      13.7      8.81      6.29      4.49
      3.93      4.34      3.95      3.87      3.74      3.62      3.69      3.98
      3.59      3.34      3.31      3.43      3.32      3.13      3.44      3.44
      3.25      3.11      2.94      3.14      3.14      2.96      3.10      3.13
      3.01      3.11      2.93      3.03      2.90      2.93      3.06      2.96
      2.79      2.83      2.88      2.86      2.89      2.84      2.88      2.91
      2.90      2.84      2.75      2.90      3.00      2.82      2.90      2.79
      2.83      3.02      2.90      2.82      2.83      2.81      2.75      2.74
      2.77      2.74      2.77      2.85      2.98      2.88      2.79      2.83
      2.74      2.71      3.84      5.75
### Intensity (arb. unit)
      55.6     -1.60     -4.79     -6.78      18.4      12.7      30.8      5.31
      5.17     -3.80      11.2    0.0353      11.0      5.30      4.94      5.94
      6.54      7.61      9.20      8.93      9.53      6.96      7.03      6.88
      7.61      6.64      6.06      6.64      6.03      5.35      4.33      5.58
      4.35      6.69      5.28      3.66      5.22      4.95      3.30      5.25
      6.33      4.29      4.75      4.66      3.40      3.44      3.95      4.58
      3.48      3.95      4.27      4.18      4.60      5.11      3.88      2.40
      2.89      2.84      3.56      3.38      4.02      3.05      3.73      3.38
      2.72      3.44      2.82      2.48      3.06      3.41      2.96      2.94
      3.59      4.84      2.58      1.90      1.75      2.51      2.34      3.12
      3.44      1.88      2.13     0.374
### Errors
      46.9      38.1      33.4      35.9      33.4      35.4      35.2      30.2
      27.3      26.9      23.1      20.3      14.6      9.10      6.32      4.47
      3.82      4.03      3.80      3.72      3.78      3.81      3.90      4.21
      3.74      3.44      3.38      3.35      3.28      3.11      3.34      3.36
      3.35      3.44      3.08      3.15      3.10      2.94      3.19      3.22
      3.02      3.11      2.99      3.03      2.87      2.90      3.08      2.86
      2.84      2.77      2.82      2.89      2.99      2.96      2.89      2.88
      2.82      2.82      2.76      2.95      2.92      2.81      2.87      2.75
      2.74      3.05      2.88      2.78      2.74      2.77      2.77      2.71
      2.75      2.81      2.73      2.79      2.85      2.76      2.67      2.77
      2.69      2.73      3.75      5.85
### Intensity (arb. unit)
      12.7     -3.26     -12.0     -15.4     -11.3      2.61      18.8     -4.15
      1.20      5.75      14.4      15.2      8.92      8.24      7.45      8.15
      7.90      9.94      12.0      11.6      11.5      8.66      8.04      10.3
      8.78      5.64      7.80      7.11      6.20      6.13      6.16      4.93
      4.71      5.04      5.43      5.78      6.97      6.82      6.18      5.68
      5.53      5.96      6.54      5.86      4.72      6.41      4.49      4.53
      3.81      3.74      6.02      4.90      4.97      4.62      4.55      4.67
      3.51     0.911      1.99      4.07      4.03      4.08      4.64      3.52
      3.81      3.42      3.16      3.10      3.22      3.71      1.96      2.67
      4.01      4.60      2.84      1.59      2.77      2.71      2.61      2.45
      1.74      2.36      1.02     -2.37
### Errors
      45.2      36.7      31.8      33.7      33.6      37.0      36.4      30.3
      26.9      26.3      21.9      18.7      13.6      8.95      6.58      4.71
      3.95      4.16      3.86      3.59      3.55      3.67      3.86      4.18
      3.84      3.64      3.52      3.44      3.24      3.07      3.17      3.33
      3.32      3.24      3.12      3.33      3.24      3.07      3.24      3.32
      3.04      3.11      3.07      3.06      2.85      2.89      3.07      2.89
      2.85      2.80      2.87      2.98      3.09      3.07      2.93      2.85
      2.76      2.78      2.76      2.95      2.91      2.78      2.80      2.70
      2.71      2.82      2.71      2.76      2.88      2.85      2.86      2.83
      2.93      2.97      2.82      2.94      3.00      2.78      2.77      2.86
      2.73      2.72      4.05      6.40
### Intensity (arb. unit)
      3.79      3.12     -7.14     -25.0     -6.27     -7.82     0.108    -0.340
      6.68      16.7      12.7      4.84      5.59      12.0      11.3      11.2
      14.3      11.7      13.2      14.4      11.3      9.73      7.89      9.64
      9.75      7.00      7.71      8.74      7.25      6.07      8.90      8.54
      7.31      7.14      6.67      5.46      6.47      8.30      6.89      5.56
      6.34      5.95      6.03      5.92      5.93      6.99      3.72      3.97
      5.31      4.87      6.33      6.73      4.94      4.68      5.34      6.48
      4.48      2.42      3.41      4.55      3.38      3.37      3.37      3.34
      3.54      3.02      4.96      4.63      3.51      3.07      2.88      3.67
      4.03      3.98      3.48      2.24      1.69      2.38      2.15      3.21
      2.23      2.20      1.30     0.157
### Errors
      46.9      37.8      31.8      33.7      32.7      35.2      34.6      29.8
      28.1      27.9      22.1      18.4      13.2      8.40      6.23      4.56
      4.15      4.64      4.15      3.80      3.64      3.57      3.74      3.97
      3.62      3.56      3.71      3.53      3.32      3.09      3.24      3.32
      3.25      3.20      3.04      3.32      3.42      3.07      3.28      3.32
      3.04      3.04      2.99      3.04      2.85      2.89      3.01      2.90
      2.88      2.87      2.97      2.99      3.06      3.03      2.95      2.85
      2.80      2.78      2.76      2.88      2.85      2.72      2.90      2.76
      2.79      2.79      2.72      2.81      2.81      2.78      2.80      2.87
      2.90      2.93      2.75      2.87      2.88      2.76      2.72      2.86
      2.73      2.69      3.98      6.54
### Intensity (arb. unit)
      19.2      13.2      2.52      16.6      16.1      22.7      30.6      17.8
      26.4      28.1      13.5      13.7      10.7      16.7      19.8      17.5
      18.5      15.8      15.5      15.5      12.0      9.97      8.05      9.98
      9.18      7.99      8.17      8.86      8.50      8.16      7.20      7.11
      7.24      8.93      7.54      5.03      6.12      8.09      7.02      6.62
      5.68      5.29      5.31      5.17      4.65      5.64      3.57      4.11
      5.20      4.77      5.80      5.76      4.55      5.36      5.73      5.82
      4.37      3.43      4.23      5.95      2.99      2.90      2.59      3.54
      2.51      2.89      3.16      3.36      3.47      3.48      3.14      3.68
      3.02      3.21      2.51     0.481    -0.109      2.06      1.81      1.67
      3.23      4.27      3.94      1.12
### Errors
      42.8      35.0      32.1      34.7      32.7      34.0      33.3      28.2
      25.8      25.6      22.2      19.1      13.3      8.29      6.00      4.48
      4.06      4.41      4.20      3.99      3.70      3.49      3.65      3.82
      3.50      3.38      3.42      3.49      3.32      3.07      3.17      3.32
      3.22      3.10      2.96      3.25      3.27      3.06      3.21      3.23
      3.01      3.01      2.92      2.98      2.85      2.80      2.96      2.86
      2.86      2.86      2.96      2.91      2.93      2.95      2.94      2.87
      2.67      2.71      2.75      3.09      3.11      2.93      2.99      2.90
      2.85      2.90      2.77      2.83      2.77      2.74      2.81      2.81
      2.81      2.86      2.84      2.96      3.08      2.88      2.92      3.12
      2.89      2.86      4.08      6.25
### Intensity (arb. unit)
     -4.16      49.3      52.8      54.8      37.3      37.7      54.8      46.4
      36.6      50.1      40.8      40.0      28.7      21.1      22.9      23.4
      21.8      19.1      16.1      15.7      14.5      12.7      11.6      12.0
      11.8      12.0      10.9      11.5      12.1      9.82      10.5      6.80
      7.77      8.43      7.21      7.36      9.53      9.96      8.86      7.51
      6.87      6.39      6.28      5.67      5.65      6.18      5.94      5.59
      4.19      3.69      3.48      5.01      6.15      5.15      4.39      5.37
      5.79      4.74      5.12      5.60      4.82      3.71      4.15      3.85
      4.50      1.52      2.32      1.98      4.37      2.89      3.10      3.61
      3.01      1.47      1.21      1.74      1.96      2.88      3.15      1.65
      2.86      4.44      4.11     -2.06
### Errors
      41.1      33.1      29.2      31.3      30.8      33.9      33.3      27.4
      24.3      23.6      20.0      17.2      12.7      8.28      6.06      4.53
      4.01      4.37      4.00      3.77      3.81      3.75      3.71      3.98
      3.68      3.46      3.40      3.46      3.40      3.30      3.33      3.36
      3.31      3.16      3.06      3.35      3.41      3.21      3.28      3.28
      3.08      3.13      3.03      3.02      2.92      2.85      3.09      2.93
      2.89      2.92      3.02      3.00      2.97      2.97      2.96      2.92
      2.88      2.85      2.90      3.15      3.14      2.91      2.98      2.79
      2.76      2.80      2.70      2.70      2.84      2.92      2.90      2.77
      2.91      3.07      2.82      2.98      3.02      2.85      2.82      3.01
      2.85      2.80      4.15      6.77
### Intensity (arb. unit)
      52.1      78.1      74.3      96.0      95.4      70.8      63.5      79.4
      68.8      65.8      61.5      43.5      35.4      21.8      21.8      25.2
      21.7      20.2      18.7      21.2      20.0      17.5      14.2      13.0
      12.5      12.3      13.5      12.5      11.0      11.6      12.4      11.2
      11.2      11.0      8.71      7.14      7.81      11.3      10.2      9.00
      7.39      6.00      6.30      7.36      7.75      6.96      5.15      5.24
      6.18      4.23      4.96      6.27      6.20      5.06      3.76      5.95
      7.05      3.92      3.36      6.41      5.06      3.99      5.17      5.62
      5.85      3.06     0.931      3.89      4.59      2.90      3.41      4.37
      4.53      2.57      1.28     0.887     0.700      1.83      3.03      2.69
     0.752      2.03     0.402     -4.57
### Errors
      44.0      34.6      29.3      30.9      30.1      32.8      32.5      28.9
      25.6      24.4      19.9      16.8      12.3      8.14      6.56      4.96
      4.22      4.46      4.01      3.78      3.81      3.73      3.86      4.03
      3.68      3.50      3.54      3.53      3.45      3.41      3.41      3.34
      3.33      3.28      3.06      3.25      3.31      3.16      3.32      3.33
      3.10      3.12      3.06      3.08      2.93      2.95      3.28      3.03
      2.90      2.84      2.94      2.97      2.90      2.84      2.84      3.05
      3.07      2.94      2.82      3.11      2.99      2.72      2.75      2.74
      2.88      2.95      2.76      2.73      2.85      2.88      2.89      2.74
      2.86      2.93      2.85      3.07      3.15      2.94      2.90      3.05
      2.94      2.82      4.17      6.67
### Intensity (arb. unit)
      85.7      99.4      85.7      120.      126.      93.9      78.0      86.8
      104.      103.      71.3      51.3      40.5      26.2      23.4      24.5
      21.2      20.1      22.2      21.1      20.6      16.2      17.4      16.8
      13.4      13.3      12.5      11.9      13.1      11.9      12.3      12.2
      11.2      11.2      10.1      7.33      7.38      9.63      11.6      6.48
      8.00      8.28      6.99      7.59      8.24      7.77      4.07      5.58
      6.77      6.86      8.01      7.59      6.75      4.70      5.48      7.13
      7.92      3.61      1.91      5.18      5.56      5.50      5.65      6.16
      5.61      3.07      3.09      3.57      3.09      3.53      4.32      4.48
      4.39      2.09      1.30     0.642     0.838      2.99      3.08      2.79
     0.720      2.11      2.93      1.85
### Errors
      40.3      33.6      30.1      30.8      29.4      31.4      31.1      26.9
      25.5      25.4      19.9      16.5      11.9      7.83      6.24      4.93
      4.42      4.40      4.01      3.76      3.74      3.68      3.86      4.23
      3.75      3.44      3.47      3.43      3.42      3.26      3.47      3.36
      3.38      3.25      3.05      3.14      3.11      3.02      3.31      3.29
      3.10      3.19      3.15      3.17      2.94      3.09      3.36      3.14
      2.96      2.95      3.01      2.93      2.94      3.02      3.05      3.14
      3.14      3.01      2.85      2.96      2.92      2.82      2.93      2.84
      2.94      3.06      2.87      2.82      2.82      2.85      3.00      3.06
      2.98      2.89      2.84      3.04      3.02      2.90      2.82      3.06
      3.03      2.98      4.11      6.80
### Intensity (arb. unit)
      72.2      77.3      95.0      100.      106.      90.9      101.      104.
      91.7      74.9      66.6      54.2      38.7      30.1      24.4      24.4
      20.8      23.1      25.5      23.3      19.8      20.3      21.6      17.6
      16.0      14.0      13.4      13.9      13.0      10.7      8.61      12.6
      12.4      13.3      12.1      10.1      11.3      8.91      9.80      7.63
      7.71      9.32      9.44      7.35      6.78      6.84      8.44      8.27
      8.10      8.05      8.25      6.85      7.10      8.21      5.24      4.99
      4.63      4.34      4.96      5.33      4.17      2.42      4.57      5.95
      5.20      3.15      4.36      4.57      2.28      3.46      5.19      3.96
      3.12      2.68      3.40      2.22      3.58      3.34      3.81      2.25
      1.92      2.02      2.84      5.52
### Errors
      36.3      30.2      27.2      29.8      28.5      29.9      28.8      24.3
      22.5      22.5      19.4      16.0      11.4      7.42      5.95      4.68
      4.39      4.75      4.20      3.87      3.86      3.73      3.91      4.42
      3.94      3.59      3.57      3.57      3.39      3.22      3.40      3.53
      3.53      3.40      3.17      3.29      3.24      3.05      3.30      3.35
      3.15      3.30      3.15      3.15      3.01      3.11      3.32      3.14
      3.01      2.95      2.88      2.95      3.12      3.11      3.09      3.07
      2.94      2.84      2.81      3.03      3.01      2.85      2.94      2.83
      2.84      2.98      2.93      2.91      2.87      2.88      2.92      3.00
      2.88      2.82      2.80      3.01      3.03      2.84      2.75      2.92
      2.87      2.80      4.00      6.18
### Intensity (arb. unit)
      86.2      83.5      109.      104.      88.5      86.6      95.5      84.2
      82.2      72.4      56.5      42.3      33.9      28.8      26.6      20.9
      22.5      25.2      26.5      21.9      22.1      21.0      21.5      17.4
      15.8      16.5      13.2      13.9      13.9      9.97      8.35      9.37
      11.9      12.6      11.5      12.7      12.1      11.4      9.73      8.86
      7.44      7.18      9.07      8.01      7.85      7.44      5.86      8.04
      6.40      5.92      8.28      6.20      6.92      7.20      7.48      6.20
      5.40      7.54      9.10      7.70      5.45      4.11      3.84      4.75
      5.14      4.74      4.10      3.86      3.74      3.22      3.16      3.09
      3.45      3.37      3.59      3.80      6.30      5.21      3.48      2.36
      2.09      1.71     0.539     -1.26
### Errors
      36.6      29.4      25.8      28.0      27.9      31.0      28.9      23.8
      21.2      21.0      17.8      16.0      11.0      7.06      5.54      4.45
      4.24      4.77      4.35      3.91      3.78      3.75      3.91      4.27
      3.84      3.65      3.68      3.70      3.53      3.19      3.34      3.50
      3.50      3.30      3.19      3.34      3.25      3.15      3.33      3.31
      3.16      3.18      3.02      3.11      3.01      3.12      3.28      3.02
      2.87      2.88      2.97      3.04      3.06      3.05      3.05      2.96
      2.98      3.12      3.02      3.13      3.08      2.93      2.91      2.92
      2.94      3.07      2.94      2.85      2.78      2.82      3.05      3.08
      3.01      2.92      2.85      2.97      3.03      3.00      2.96      3.00
      2.92      2.79      3.95      6.24
### Intensity (arb. unit)
      71.5      91.3      105.      83.4      67.1      77.5      83.8      74.8
      63.7      52.8      47.9      44.1      32.3      24.2      20.0      17.8
      19.2      19.1      18.3      19.0      21.2      20.2      20.0      20.1
      16.5      20.0      16.5      15.5      16.5      14.2      13.0      15.2
      11.1      15.0      15.0      12.3      12.0      13.2      11.9      10.3
      10.2      11.0      9.56      9.02      10.0      9.64      8.78      8.64
      6.78      6.84      8.24      8.48      8.30      6.69      6.79      8.24
      6.90      7.97      8.55      6.95      5.54      4.23      3.36      3.32
      4.59      3.52      3.05      4.13      5.13      2.71      1.79      2.84
      4.21      4.05      2.86      4.09      6.37      4.52      2.71     0.518
      3.40      2.95      1.45     -1.43
### Errors
      37.5      29.0      24.8      26.5      26.0      28.5      29.1      23.0
      20.2      19.7      16.5      14.2      10.4      6.77      5.18      4.17
      4.02      4.40      4.06      3.75      3.79      3.68      3.84      4.20
      3.80      3.58      3.67      3.70      3.45      3.18      3.44      3.64
      3.60      3.47      3.25      3.39      3.39      3.30      3.51      3.46
      3.21      3.20      3.13      3.24      3.21      3.18      3.32      3.05
      2.93      3.06      3.12      3.11      3.06      3.05      3.11      3.18
      3.25      3.25      2.96      2.98      3.05      3.06      3.10      2.95
      2.90      2.89      2.85      2.95      2.86      2.84      2.89      2.92
      2.93      3.00      2.99      2.93      2.97      2.86      2.90      3.17
      3.05      2.91      3.99      6.21
### Intensity (arb. unit)
      78.9      81.2      88.3      82.7      81.2      72.7      72.8      63.0
      46.3      43.6      40.1      31.3      29.0      17.9      15.0      15.1
      18.5      17.2      17.0      19.5      20.9      22.2      21.0      20.7
      18.8      19.4      17.6      18.1      17.1      17.0      19.2      15.8
      15.1      15.3      15.6      13.6      13.0      15.0      12.8      11.5
      12.5      12.6      12.1      9.97      10.3      8.99      8.76      10.2
      8.54      8.20      7.45      7.95      8.13      7.72      6.67      7.14
      6.18      6.78      7.45      6.04      5.31      4.84      4.14      4.14
      3.13      3.01      3.08      3.18      4.03      3.33      3.33      3.15
      3.43      3.25      4.47      6.14      5.04      3.22      3.14      2.43
      3.53      4.24      1.91     0.503
### Errors
      33.9      28.2      23.9      25.2      24.4      26.2      26.3      22.9
      20.3      19.7      16.3      13.9      10.3      6.75      5.24      4.27
      4.08      4.44      4.01      3.76      3.81      3.75      3.91      4.43
      3.90      3.75      3.75      3.81      3.54      3.30      3.70      3.79
      3.72      3.53      3.24      3.31      3.50      3.36      3.51      3.40
      3.14      3.27      3.20      3.30      3.09      3.09      3.22      3.14
      3.08      3.11      3.06      3.00      2.98      3.10      3.07      3.18
      3.13      3.04      2.95      3.00      3.00      2.96      2.96      2.83
      2.94      3.06      2.96      2.89      2.86      2.96      3.02      2.91
      2.87      2.94      2.92      3.17      3.04      2.86      2.85      3.01
      3.01      2.93      4.12      6.54
### Intensity (arb. unit)
      65.8      58.8      67.1      60.6      52.2      72.9      90.1      52.0
      34.0      35.2      32.8      26.3      16.5      9.52      9.65      11.3
      16.0      15.9      17.5      18.9      16.8      15.9      16.6      20.6
      18.1      17.5      16.2      15.2      14.7      16.2      20.3      18.4
      13.8      15.5      15.6      12.6      13.1      15.4      13.8      13.2
      15.2      14.9      14.2      12.3      11.4      11.4      10.4      10.8
      8.82      7.39      8.82      7.83      8.94      8.11      10.1      8.81
      6.08      7.53      8.33      6.77      7.10      6.03      6.06      6.12
      4.61      4.59      4.50      3.45      3.44      4.21      4.73      4.61
      3.96      4.21      4.39      3.61      2.34      2.51      1.52      1.34
      3.45      4.78      3.55      4.30
### Errors
      33.3      27.2      24.1      25.4      24.4      26.2      25.9      22.5
      20.1      19.4      16.1      13.9      10.0      6.60      5.24      4.24
      4.12      4.46      3.90      3.65      3.67      3.59      3.80      4.12
      3.79      3.69      3.69      3.64      3.53      3.35      3.68      3.68
      3.59      3.46      3.20      3.40      3.51      3.31      3.41      3.34
      3.28      3.40      3.28      3.43      3.12      3.20      3.37      3.22
      3.07      3.05      3.03      3.09      3.15      3.07      3.06      3.05
      3.14      3.16      2.93      3.06      3.03      2.99      3.10      2.84
      2.83      2.96      2.93      2.84      2.76      2.88      2.96      2.94
      2.90      2.82      2.86      3.02      3.07      2.80      2.86      2.95
      2.81      2.80      4.26      7.05
### Intensity (arb. unit)
      53.7      33.8      50.0      61.9      57.9      48.5      58.1      54.0
      25.9      23.2      19.6      7.94      4.56      3.79      7.43      7.31
      10.4      12.6      13.1      14.7      15.4      13.5      13.2      15.9
      18.4      16.6      13.4      14.0      12.3      15.1      15.9      18.1
      14.6      14.6      14.9      15.1      14.5      15.1      13.1      13.7
      14.3      14.2      14.8      15.2      13.2      13.8      13.1      12.4
      11.0      8.37      9.14      9.56      10.0      10.0      9.13      10.2
      8.01      6.14      7.02      8.36      6.99      7.28      8.50      7.36
      6.87      5.09      5.52      5.22      4.33      4.87      6.71      4.13
      3.05      4.51      4.70      2.77      2.41      2.79      2.80      1.57
      3.28      4.03      3.91      4.07
### Errors
      32.6      26.4      23.5      24.8      24.0      25.7      25.3      21.5
      19.4      18.9      15.7      13.3      9.58      6.24      4.92      4.04
      3.87      4.12      3.70      3.69      3.71      3.63      3.73      3.99
      3.82      3.70      3.68      3.57      3.38      3.30      3.59      3.62
      3.42      3.37      3.31      3.53      3.53      3.20      3.42      3.48
      3.36      3.41      3.19      3.24      3.11      3.21      3.33      3.04
      2.97      3.07      3.11      3.04      3.07      3.07      3.06      3.04
      3.00      2.95      2.86      3.07      2.99      2.85      2.90      2.87
      2.86      2.91      2.83      2.79      2.81      2.82      2.84      2.95
      3.01      2.92      2.88      3.05      3.06      2.91      2.95      3.09
      2.91      2.90      4.29      6.97
### Intensity (arb. unit)
      43.0      43.9      48.0      54.5      47.1      50.6      46.1      34.6
      24.3      18.3      3.46     -6.46    -0.938      1.94      3.42      3.76
      3.48      7.21      9.16      8.72      10.7      12.0      10.6      11.6
      13.7      13.3      12.2      12.2      12.5      13.0      12.0      12.9
      13.2      13.5      14.1      13.8      15.6      13.7      13.5      11.4
      11.2      13.0      14.9      14.4      11.2      13.5      13.1      11.8
      11.5      10.7      9.25      11.4      11.5      12.2      10.9      12.6
      10.7      8.53      9.53      9.30      8.48      8.67      8.65      8.13
      9.14      8.06      6.50      5.86      6.78      6.87      6.35      5.95
      4.88      4.64      4.36      5.32      5.22      5.08      4.83      4.09
      4.89      4.11      4.41      2.95
### Errors
      33.9      27.3      23.7      25.7      24.9      26.9      26.2      21.6
      19.9      19.8      16.3      13.7      9.58      6.32      5.01      3.94
      3.63      3.79      3.56      3.53      3.50      3.43      3.50      3.84
      3.68      3.54      3.33      3.37      3.39      3.22      3.44      3.42
      3.46      3.38      3.22      3.31      3.31      3.11      3.34      3.30
      3.18      3.23      3.16      3.18      3.00      3.06      3.27      3.10
      2.98      2.99      2.99      3.09      3.17      3.12      3.04      3.10
      3.19      3.03      2.92      3.11      3.24      2.93      2.90      2.86
      2.97      3.13      2.92      2.91      2.99      2.91      2.91      2.99
      3.06      2.96      2.89      3.10      3.15      2.96      2.99      3.03
      2.94      3.00      4.25      6.72
### Intensity (arb. unit)
      16.4      38.9      44.0      21.4      31.7      27.1      30.0      35.2
      25.3      25.3      1.50     -10.9     -8.61     -3.26     0.668      1.20
      2.06      5.36      5.24      4.91      4.52      6.89      8.04      8.87
      9.45      9.64      9.95      8.83      10.8      10.2      6.43      9.46
      9.85      11.6      12.5      12.0      13.1      12.1      11.1      11.6
      12.4      13.1      13.6      14.5      12.0      12.4      14.5      13.3
      11.9      11.6      11.1      12.7      11.8      10.2      11.4      12.0
      10.1      8.69      11.1      9.80      8.17      7.98      6.93      7.86
      9.43      8.45      7.41      7.48      6.49      7.72      7.19      7.95
      6.59      6.84      7.86      9.35      7.12      5.43      4.93      6.00
      6.77      6.49      4.91      5.18
### Errors
      34.4      27.9      24.4      26.7      25.8      27.6      26.8      22.3
      20.5      20.1      16.5      13.5      9.81      6.47      4.91      3.82
      3.42      3.66      3.47      3.34      3.19      3.12      3.34      3.64
      3.41      3.22      3.23      3.31      3.31      3.13      3.29      3.42
      3.44      3.36      3.08      3.28      3.36      3.15      3.24      3.27
      3.26      3.43      3.19      3.29      3.15      3.21      3.39      3.19
      3.13      3.13      3.08      3.04      3.13      3.26      3.15      3.07
      3.07      3.17      3.03      3.09      3.13      3.07      2.99      2.81
      2.94      3.15      2.99      2.89      2.89      2.95      2.96      3.05
      3.11      3.08      3.04      3.16      3.05      2.97      3.08      3.19
      3.02      3.06      4.35      6.88
### Intensity (arb. unit)
      9.55      15.6      40.0      35.2      23.6      31.5      28.9      30.5
      22.4      18.8      4.85     -12.5     -9.92     0.788      2.81     -1.14
     0.695      3.72      3.15      1.31      2.35      4.01      4.07      7.37
      8.69      7.07      5.53      8.00      8.34      7.60      4.52      6.94
      8.94      10.4      10.9      11.0      11.2      9.08      8.61      9.09
      10.6      12.8      11.8      14.0      12.2      11.7      13.6      16.4
      13.3      10.9      11.6      12.3      10.4      8.93      12.0      14.1
      11.8      10.2      10.9      8.82      9.23      5.91      7.50      11.0
      9.76      9.74      8.07      8.31      7.77      7.05      7.89      8.03
      8.38      8.05      8.69      7.52      5.18      4.72      4.57      5.18
      6.40      7.00      5.11      7.92
### Errors
      33.9      27.6      25.0      26.9      26.0      27.5      26.5      23.3
      21.3      20.4      16.6      14.2      10.5      6.75      5.08      3.87
      3.75      3.86      3.57      3.35      3.40      3.40      3.48      3.72
      3.36      3.38      3.40      3.41      3.17      3.03      3.26      3.37
      3.37      3.26      3.14      3.24      3.25      3.10      3.29      3.22
      3.05      3.18      3.15      3.25      3.07      3.10      3.42      3.26
      3.07      3.04      3.05      3.03      3.12      3.17      3.35      3.24
      3.11      3.13      3.09      3.12      3.14      2.98      3.07      2.95
      3.01      3.22      3.09      2.97      2.99      3.00      3.01      3.03
      3.09      3.18      3.05      3.09      3.02      3.00      3.06      3.12
      3.09      3.03      4.36      7.06
### Intensity (arb. unit)
      26.6      15.5      22.5      45.1      25.2      19.5      30.6      34.4
      9.25      6.76     -7.60     -21.0     -13.9     -2.68    -0.877     -1.81
      1.34      2.30      3.70      1.43      1.93      2.26      2.61      4.27
      7.06      8.51      6.80      7.31      5.72      6.81      5.56      7.29
      7.25      9.18      10.8      10.4      9.11      8.50      8.86      7.66
      8.46      10.8      11.2      12.1      10.8      10.7      12.1      11.4
      11.0      10.1      10.2      10.9      10.2      10.0      13.5      14.2
      12.1      10.5      10.1      11.0      10.2      8.92      10.1      12.4
      11.1      9.14      9.52      9.00      8.85      8.81      8.19      6.91
      7.09      7.42      8.77      8.16      5.85      6.82      5.55      4.61
      5.35      4.88      6.30      5.45
### Errors
      35.3      29.4      26.6      28.6      26.9      28.4      28.9      24.8
      22.1      20.8      17.5      15.2      10.8      6.65      4.97      3.97
      3.81      3.94      3.53      3.47      3.48      3.42      3.53      3.72
      3.47      3.36      3.26      3.18      3.12      2.91      3.00      3.12
      3.33      3.24      3.00      3.20      3.34      3.15      3.24      3.14
      3.03      3.14      3.09      3.22      3.18      3.09      3.29      3.15
      3.14      3.06      3.05      3.14      3.13      3.17      3.27      3.30
      3.09      3.06      3.02      3.08      3.06      3.04      3.17      3.04
      3.05      3.22      3.07      3.03      3.04      3.05      3.02      2.94
      3.01      3.15      3.04      3.08      3.17      3.09      3.08      3.21
      3.10      3.01      4.40      7.10
### Intensity (arb. unit)
      43.7      30.1      28.7      18.4      30.9      28.2      35.4      24.6
      19.4      1.14     -2.63     -2.18     -4.27     -2.01     -1.18     -1.13
     0.921      3.55      2.32      2.60      3.51      2.34    -0.199     0.735
      5.09      5.08      6.10      4.98      6.04      5.73      3.68      5.10
      8.15      6.49      8.46      8.69      8.34      8.53      7.41      5.16
      6.46      8.57      9.29      8.39      8.15      8.96      10.8      9.30
      7.51      8.47      8.69      7.75      9.13      11.3      10.6      11.2
      11.4      10.3      12.1      13.0      13.2      9.98      11.0      10.9
      9.61      8.50      8.82      8.84      8.88      11.5      10.6      7.97
      8.04      8.01      9.49      9.84      8.43      8.74      7.95      5.84
      5.68      5.42      5.89      2.18
### Errors
      37.1      30.3      26.6      27.7      26.8      29.4      29.0      24.4
      21.4      21.4      17.6      14.5      10.2      6.58      5.01      3.95
      3.59      3.93      3.63      3.54      3.38      3.34      3.61      3.93
      3.45      3.28      3.21      3.20      3.04      2.88      3.11      3.11
      3.09      3.03      2.99      3.19      3.22      3.10      3.34      3.19
      2.97      3.21      3.16      3.15      3.01      3.08      3.17      3.05
      3.06      3.08      3.02      3.10      3.05      3.11      3.17      3.14
      3.12      3.06      2.98      3.20      3.24      3.09      3.17      3.05
      3.09      3.21      3.13      3.09      3.04      3.15      3.14      3.04
      3.11      3.13      3.01      3.18      3.29      3.07      3.05      3.25
      3.06      3.06      4.33      6.73
### Intensity (arb. unit)
      24.0      39.5      21.7      34.2      40.8      44.3      44.1      23.8
      17.3      13.3      2.10     -2.64     -6.03     -1.64    -0.845     -2.74
     -1.45      1.26      2.09      1.62      2.69      2.95      1.76      1.06
      2.47      2.18      3.08      4.37      5.40      3.73      2.80      6.80
      7.09      5.76      5.95      4.67      5.33      6.65      6.72      6.10
      5.43      8.21      8.91      8.03      8.32      7.69      9.10      8.90
      8.84      9.85      9.48      9.43      9.50      8.83      10.1      8.43
      9.54      11.3      11.2      11.4      9.86      9.42      11.2      9.87
      8.94      9.07      8.93      8.95      9.48      12.0      12.0      9.68
      7.56      8.80      9.19      8.61      7.58      8.51      7.63      8.16
      6.97      6.72      7.02      2.71
### Errors
      38.8      31.0      26.4      28.3      27.7      29.8      28.4      23.6
      21.9      21.6      17.4      14.2      10.3      6.69      4.93      3.87
      3.65      3.89      3.54      3.37      3.48      3.38      3.44      3.63
      3.49      3.27      3.16      3.09      3.10      2.92      3.03      3.07
      3.04      2.99      2.92      3.20      3.15      2.95      3.21      3.42
      3.03      3.13      3.19      3.20      2.98      3.02      3.20      3.02
      3.00      3.06      3.05      3.05      3.13      3.12      3.16      3.16
      3.09      3.07      2.95      3.15      3.22      3.01      3.06      2.96
      2.99      3.20      3.12      3.02      3.03      3.14      3.10      3.09
      3.14      3.11      3.01      3.24      3.22      3.08      3.09      3.18
      3.22      3.07      4.36      7.06
### Intensity (arb. unit)
      18.8      42.7      40.4      52.3      38.7      33.4      27.4      14.2
      10.8      6.22     -8.46     -3.99     -9.90     -5.22     -2.02     -4.51
    -0.937      2.13     0.864      2.00      1.76      1.23      1.58     0.961
      2.09      2.91      3.55      4.24      5.51      3.31      4.45      7.46
      6.50      5.52      4.47      1.72      2.93      4.91      7.38      7.57
      7.24      8.85      7.05      6.92      8.12      6.70      7.84      6.06
      7.68      11.5      10.1      7.54      6.76      7.17      7.92      7.68
      8.97      9.71      9.91      8.62      9.74      8.26      10.4      10.5
      8.23      8.88      9.76      9.93      11.3      10.7      11.0      8.81
      5.85      7.24      9.15      7.91      7.26      6.88      8.15      8.34
      7.73      6.72      7.17      4.24
### Errors
      43.9      36.1      32.2      33.5      32.8      35.2      34.6      28.7
      25.7      25.3      21.2      17.1      12.1      7.66      5.51      4.07
      3.55      3.76      3.52      3.41      3.38      3.43      3.63      3.81
      3.46      3.29      3.26      3.16      3.07      2.97      3.09      3.11
      3.04      3.11      2.92      3.14      3.20      2.95      3.13      3.22
      3.05      3.02      3.04      3.18      2.93      2.91      3.15      3.00
      2.87      2.93      2.99      2.97      3.00      3.04      3.00      3.01
      3.15      3.09      2.88      3.13      3.22      2.98      3.06      2.95
      2.96      3.23      3.07      2.95      3.01      3.07      3.07      3.05
      3.01      3.01      3.01      3.09      3.17      3.02      3.03      3.11
      3.05      3.01      4.17      6.50
### Intensity (arb. unit)
      52.2      46.8      66.5      69.5      54.6     0.423      2.87      24.1
      6.02     -8.80     -15.1     -23.2     -14.7     -3.87     -4.59     -1.65
     -1.50    -0.627     0.947      2.62      3.04      1.53      3.72      2.96
      2.55      4.99      2.49      1.66      4.30      4.11      3.90      5.42
      3.21      3.72      2.84      1.57      4.06      5.33      5.08      4.54
      6.63      9.77      8.69      7.53      7.38      7.19      7.72      5.23
      6.29      10.3      9.19      6.65      7.40      8.41      8.86      8.16
      8.87      10.7      9.51      8.43      8.91      8.21      7.20      8.69
      8.93      8.41      8.69      9.54      8.12      7.67      7.70      7.85
      7.74      8.14      8.92      10.2      7.98      7.54      9.11      8.42
      9.51      8.58      7.50      5.69
### Errors
      52.6      46.3      40.8      40.8      40.4      47.6      46.4      35.7
      32.6      34.5      27.1      21.5      15.0      9.58      6.27      4.18
      3.65      3.91      3.43      3.25      3.51      3.33      3.46      3.85
      3.52      3.18      3.19      3.31      3.09      2.88      3.07      3.06
      2.99      2.91      2.86      3.00      2.97      2.87      2.97      3.01
      2.92      3.02      2.94      3.06      2.91      2.89      3.20      2.97
      2.80      2.85      2.94      2.95      2.95      2.99      2.93      2.94
      3.16      3.10      2.88      3.01      3.00      2.89      3.04      2.87
      2.95      3.16      2.92      2.90      2.93      2.93      2.98      2.94
      3.10      3.02      2.97      3.03      3.02      2.97      2.93      3.07
      3.12      3.04      4.02      6.08
### Intensity (arb. unit)
      72.3      46.7      38.9      34.5      42.0      25.9      7.36      10.6
      3.89      2.87     -1.47     -6.86     -6.59     -4.63     -5.25     -2.56
     -1.23     -1.30    -0.112      2.39      2.13      2.06      3.87      3.96
      2.95      2.11      1.45      1.81      2.95      3.88      4.33      5.64
      2.83      2.27      2.42      2.07      3.76      5.10      3.28      3.93
      5.99      6.71      6.79      7.62      6.10      7.26      8.62      5.38
      5.62      7.46      7.00      6.43      5.94      6.95      7.35      8.11
      7.68      8.34      8.77      8.30      7.72      7.65      7.16      8.30
      9.03      8.70      8.14      7.51      7.67      7.39      6.87      7.36
      7.47      9.02      10.1      10.6      9.39      7.22      7.09      6.19
      6.57      7.66      6.84      1.93
### Errors
      43.0      36.0      31.6      32.6      32.4      35.0      34.2      28.6
      25.4      25.0      20.9      16.8      11.7      7.43      5.34      3.82
      3.34      3.64      3.36      3.11      3.14      3.21      3.26      3.53
      3.38      3.15      3.11      3.12      3.10      2.85      3.01      3.11
      2.97      2.91      2.77      2.95      2.93      2.78      2.97      2.95
      2.89      2.95      2.88      2.99      2.81      2.87      3.09      2.84
      2.75      2.74      2.79      2.82      2.86      2.94      2.89      2.91
      3.03      2.90      2.91      3.02      2.91      2.89      2.99      2.89
      2.90      3.01      2.89      2.88      2.95      2.91      2.89      2.93
      2.92      3.04      2.89      3.04      3.04      2.85      2.92      3.11
      3.10      2.98      4.01      6.08
### Intensity (arb. unit)
      21.3      29.8      24.9      16.0      27.2      39.4      30.9      22.1
      13.3     -4.46     -5.44     -9.25     -7.98     -3.20     -4.74     -2.98
     0.843      1.14     0.536     0.514    -0.209      1.58      4.01      3.03
      2.78      3.10      1.35      2.04      3.46      3.46      4.11      5.12
      3.23      3.02      1.97      2.67      2.90      4.64      2.03      2.99
      5.16      5.35      2.59      2.62      5.23      6.66      8.50      7.09
      5.55      6.09      4.95      5.77      6.68      5.51      4.61      6.60
      5.83      5.53      6.87      6.10      4.69      6.27      8.82      9.36
      8.52      8.32      7.26      7.91      8.79      8.76      7.06      6.08
      7.45      9.81      12.1      11.8      7.61      8.21      7.78      7.77
      6.60      6.81      6.17      1.94
### Errors
      33.7      27.7      24.7      25.7      24.7      26.8      26.1      21.8
      20.1      19.8      15.8      13.0      9.55      5.97      4.53      3.53
      3.28      3.49      3.25      3.16      3.07      3.08      3.27      3.49
      3.29      3.19      3.09      3.09      2.94      2.73      2.90      2.94
      2.95      2.89      2.68      2.88      2.94      2.71      2.88      2.85
      2.77      2.85      2.75      2.81      2.75      2.79      3.03      2.85
      2.71      2.74      2.75      2.76      2.86      2.90      2.92      2.97
      2.93      2.93      2.80      2.86      2.93      2.84      2.96      2.87
      2.83      2.91      2.78      2.83      2.83      2.89      2.97      2.98
      2.96      2.92      2.90      3.03      3.06      2.89      2.89      3.04
      2.99      2.96      4.30      7.01
### Intensity (arb. unit)
      19.5      27.8      34.6      41.2      30.8      28.8      22.9      12.6
      12.8     -9.51     -9.55     -10.8     -11.2     -4.67     -3.21     -3.13
     0.510     0.252      1.25    -0.603    -0.714      1.19      1.26      1.41
      3.40      1.67     0.762      2.00      1.77      3.24      3.05      2.84
      2.51      2.43      2.68      2.79      4.00      2.97      4.89      4.52
      3.68      1.79      1.95      3.68      3.65      5.98      5.88      5.46
      6.33      4.72      5.32      5.48      4.12      6.01      6.08      7.22
      7.58      7.14      7.76      6.05      4.28      7.03      9.18      7.34
      7.86      8.11      8.08      8.80      7.52      5.42      6.63      5.53
      7.23      9.32      10.1      7.95      6.66      6.54      7.63      9.78
      8.06      7.53      6.46      8.86
### Errors
      33.1      26.9      23.8      26.2      24.2      25.8      25.7      21.6
      19.1      18.6      15.4      12.4      8.92      5.79      4.26      3.33
      3.12      3.44      3.15      2.98      2.95      2.97      3.12      3.41
      3.21      3.05      3.03      2.98      2.80      2.69      2.86      2.96
      2.96      2.88      2.69      2.82      2.84      2.70      2.90      2.87
      2.71      2.82      2.68      2.76      2.70      2.67      2.89      2.73
      2.65      2.71      2.66      2.74      2.75      2.78      2.87      2.84
      2.96      2.92      2.77      2.85      2.87      2.80      2.84      2.77
      2.79      3.00      2.78      2.77      2.76      2.79      2.93      2.94
      2.88      2.85      2.82      2.94      2.97      2.88      2.87      2.98
      2.88      2.91      4.42      7.36
### Intensity (arb. unit)
      29.8      32.2      31.7      21.9      35.4      16.4      7.41      12.6
      12.2      5.18     0.281      2.95     -3.56     -1.71    -0.743     -1.94
     -2.72     -1.59     -2.09    -0.477     0.178      1.50     0.491      2.06
      1.84     0.161     0.721      2.27      2.83      1.62      2.36      2.11
     0.545      1.35      1.10      1.46      2.77      3.87      5.09      6.05
      5.07      2.84      1.99      3.87      4.65      3.71      6.64      5.83
      5.02      6.09      5.85      5.71      5.07      6.48      7.12      6.61
      8.46      7.29      7.87      6.37      6.47      7.56      7.83      8.22
      8.39      8.56      7.90      7.40      6.28      5.47      7.98      7.57
      6.78      7.03      7.67      7.85      7.45      7.29      5.53      6.07
      6.54      6.96      6.99      5.90
### Errors
      33.2      26.7      22.8      24.2      23.5      24.6      24.0      20.4
      18.1      17.4      14.5      11.9      8.49      5.43      4.05      3.25
      3.16      3.35      3.06      2.97      2.89      2.87      3.15      3.51
      3.25      3.06      3.07      2.98      2.83      2.76      2.86      2.89
      2.91      2.81      2.62      2.76      2.69      2.59      2.79      2.78
      2.68      2.73      2.69      2.85      2.65      2.72      2.80      2.66
      2.72      2.71      2.81      2.73      2.76      2.75      2.72      2.74
      2.84      2.85      2.71      2.83      2.81      2.77      2.81      2.77
      2.78      2.91      2.79      2.71      2.77      2.79      2.87      2.89
      2.91      2.87      2.79      2.96      2.96      2.78      2.84      2.85
      2.84      2.78      4.09      6.43
### Intensity (arb. unit)
      45.3      29.6      26.7      26.9      38.6      31.6      9.59      1.91
      3.27      5.30      2.34      6.91    -0.253     -3.29     -3.92     -3.87
     -2.44     -2.54     -2.96     -1.62     0.608    -0.279    0.0918      1.30
      1.88      2.54      2.45      2.03      2.27      1.81      2.10      2.52
     0.205    -0.606     0.442      2.31      3.27      4.51      5.60      4.77
      5.77      6.19      3.51      4.15      3.79      3.39      6.64      7.48
      6.66      5.94      7.07      6.53      6.55      6.68      6.17      5.20
      5.96      7.61      5.85      4.25      7.40      5.68      6.51      7.73
      8.70      7.10      5.68      5.64      4.72      6.18      8.26      6.72
      5.96      6.87      6.75      6.57      7.03      8.21      6.66      6.64
      6.92      6.25      7.28      8.63
### Errors
      31.5      25.6      22.3      23.6      23.0      24.5      23.8      19.9
      18.0      17.3      14.2      11.9      8.41      5.33      4.02      3.24
      3.04      3.27      3.06      2.92      2.87      2.86      3.06      3.38
      3.17      2.99      3.04      2.94      2.88      2.85      2.99      3.01
      2.96      2.78      2.68      2.80      2.79      2.61      2.71      2.76
      2.63      2.68      2.63      2.73      2.67      2.64      2.79      2.64
      2.62      2.74      2.75      2.71      2.70      2.75      2.69      2.74
      2.80      2.75      2.66      2.82      2.85      2.77      2.86      2.75
      2.74      2.80      2.68      2.67      2.67      2.66      2.72      2.72
      2.79      2.76      2.69      2.77      2.83      2.72      2.79      3.01
      2.83      2.78      4.03      6.47
### Intensity (arb. unit)
      22.4      26.4      26.9      31.2      41.5      41.3      20.0      19.6
      14.5      1.70      1.39      1.00     -5.24     -3.89     -5.15     -4.93
     -2.54     -1.49     -2.23     -1.49    -0.636     0.130    -0.124     0.233
    -0.176      2.30      1.34      2.77      3.00      1.90      1.41      2.42
      1.77     0.864     0.192      2.87      3.48      2.74      4.25      4.75
      6.10      5.17      3.26      5.16      4.41      3.32      4.58      5.77
      5.38      6.35      6.64      6.30      5.61      6.02      5.63      2.43
      5.72      6.83      6.60      7.41      6.44      4.42      4.28      6.82
      7.95      6.05      4.42      4.84      3.53      4.41      7.62      6.95
      5.96      6.91      5.32      7.06      7.18      7.17      6.34      7.31
      7.72      6.61      6.44      9.35
### Errors
      30.5      24.7      21.7      22.9      22.2      24.0      23.2      19.4
      17.4      16.8      13.8      11.4      8.22      5.22      4.08      3.30
      2.96      3.16      3.01      2.83      2.90      2.92      3.04      3.44
      3.12      3.02      3.00      2.92      2.95      2.84      3.02      3.05
      2.92      2.96      2.68      2.82      2.85      2.66      2.83      2.79
      2.62      2.70      2.63      2.87      2.70      2.77      2.85      2.69
      2.58      2.69      2.70      2.69      2.71      2.73      2.72      2.73
      2.71      2.62      2.56      2.74      2.75      2.64      2.75      2.64
      2.66      2.76      2.68      2.66      2.65      2.66      2.65      2.65
      2.69      2.73      2.65      2.73      2.82      2.64      2.73      2.89
      2.77      2.77      4.10      6.66
### Intensity (arb. unit)
      33.3      24.6      29.0      29.3      36.6      55.0      37.7      25.6
      16.0      6.53    -0.734     -6.61     -1.94     -2.76     -4.05     -3.68
     -3.73     -2.76     -2.36     -2.25    -0.459     0.436     0.594     0.562
     0.489     0.701   -0.0230      3.29      1.80    -0.124     0.712      1.14
      2.35      1.39      1.68      3.42      1.48      3.46      4.54      3.64
      4.70      3.79      2.85      4.31      3.81      3.94      3.95      4.95
      3.83      4.38      4.31      5.15      6.51      6.56      5.75      5.66
      5.71      6.07      7.19      8.83      7.94      6.57      4.98      5.76
      6.94      6.89      6.24      5.84      4.26      4.74      6.08      6.22
      6.80      5.44      5.57      7.48      8.04      6.27      5.10      7.13
      7.25      6.09      5.88      9.60
### Errors
      30.7      24.8      21.5      22.9      22.0      23.3      23.1      19.4
      17.3      17.1      13.7      11.5      8.26      5.23      4.07      3.25
      2.90      3.12      2.90      2.81      2.87      2.82      3.07      3.29
      2.97      2.89      2.86      2.92      2.93      2.83      3.01      2.99
      3.10      2.89      2.66      2.82      2.84      2.68      2.82      2.86
      2.66      2.69      2.60      2.74      2.64      2.68      2.80      2.66
      2.55      2.58      2.58      2.59      2.64      2.67      2.69      2.74
      2.74      2.60      2.55      2.69      2.75      2.59      2.64      2.55
      2.58      2.71      2.66      2.59      2.60      2.64      2.68      2.70
      2.78      2.74      2.67      2.79      2.83      2.67      2.69      2.79
      2.70      2.72      3.97      6.45
### Intensity (arb. unit)
      77.3      40.6      36.5      31.4      44.5      49.0      53.9      30.3
      18.5      13.2      7.92     -5.19      1.70     0.237     -2.56     -1.62
    -0.809    -0.553     -2.07     -1.13    -0.627     0.886     0.804    0.0614
      1.01      1.23      1.23      3.19      2.04     0.297   -0.0693      3.15
      2.86      3.88      3.09      3.05      3.13      3.28      3.27      2.84
      3.17      3.75      4.34      4.03      3.66      4.08      5.14      4.48
      5.48      4.93      5.07      4.29      4.37      4.13      5.57      5.59
      5.79      7.35      8.00      8.98      9.01      7.14      7.20      7.25
      6.79      7.74      5.89      4.62      5.73      6.06      7.76      7.41
      6.75      5.50      6.21      6.81      6.37      6.09      5.65      5.03
      5.49      5.93      5.65      8.83
### Errors
      30.2      24.4      21.3      22.7      21.6      23.2      22.7      19.0
      17.1      16.6      13.4      11.4      8.03      5.17      4.09      3.17
      2.96      3.15      2.87      2.87      2.82      2.86      3.00      3.30
      2.98      2.79      2.85      2.81      2.76      2.62      2.77      2.83
      2.85      2.77      2.57      2.73      2.67      2.49      2.67      2.82
      2.65      2.61      2.58      2.65      2.55      2.60      2.80      2.61
      2.52      2.51      2.57      2.52      2.54      2.56      2.67      2.67
      2.68      2.60      2.51      2.63      2.69      2.64      2.69      2.57
      2.58      2.73      2.64      2.59      2.58      2.63      2.66      2.71
      2.70      2.60      2.56      2.69      2.74      2.64      2.68      2.75
      2.67      2.63      3.83      6.08
### Intensity (arb. unit)
      50.5      35.8      30.9      47.2      42.9      36.8      37.7      28.5
      22.2      15.5      4.32     -1.63     -5.15     -2.71     0.191     0.243
      1.50     -1.58    -0.396    -0.562    0.0321    -0.833     0.140     0.760
      1.05      2.04      3.18      1.06      1.04      1.69      1.78      3.47
      5.76      5.20      4.43      1.64      2.74      2.59      3.78      3.55
      4.06      4.72      4.26      4.19      5.83      5.68      4.33      3.83
      4.41      5.88      5.25      4.37      4.76      5.28      5.31      6.10
      7.51      7.33      6.99      8.71      8.72      7.29      6.67      6.76
      6.73      5.46      6.01      3.93      5.53      7.51      6.92      7.68
      6.39      5.56      6.35      4.94      5.05      5.92      5.41      4.54
      5.73      7.40      7.27      7.73
### Errors
      29.7      23.7      21.0      22.6      21.4      23.2      22.4      18.7
      17.0      16.3      13.5      11.3      8.03      5.13      3.94      3.16
      2.84      3.10      2.83      2.74      2.77      2.73      2.92      3.16
      2.89      2.75      2.71      2.77      2.69      2.55      2.69      2.77
      2.77      2.61      2.48      2.70      2.62      2.42      2.58      2.67
      2.57      2.65      2.56      2.65      2.53      2.55      2.70      2.52
      2.50      2.51      2.55      2.58      2.55      2.60      2.62      2.63
      2.65      2.64      2.49      2.60      2.60      2.53      2.61      2.51
      2.51      2.68      2.58      2.55      2.58      2.60      2.64      2.64
      2.65      2.55      2.48      2.65      2.67      2.54      2.55      2.68
      2.61      2.61      3.84      6.20
### Intensity (arb. unit)
      15.5      35.1      37.7      59.0      45.8      39.8      37.4      25.6
      20.1      3.96      2.83     0.453     -7.56     -5.95     -1.19    -0.605
     -2.70     -3.16     -1.58    -0.762  -0.00261   -0.0822    -0.527     0.876
      2.42      1.43      2.71    -0.800     -2.56     0.362      1.53      1.17
      2.57      5.65      3.44      2.16      4.25      4.93      3.74      3.56
      4.24      3.85      3.27      4.06      5.46      5.32      5.03      5.13
      5.95      4.22      5.75      5.14      6.18      6.91      6.53      6.77
      7.53      6.76      6.74      6.68      7.37      7.53      5.31      6.71
      7.18      5.79      6.44      4.79      5.19      6.08      5.33      5.46
      4.91      4.55      5.10      4.08      4.06      3.86      3.44      3.47
      4.81      5.83      5.15      6.86
### Errors
      28.5      23.3      20.5      21.7      21.3      22.4      22.2      18.6
      16.6      16.5      13.4      11.4      8.07      5.18      3.91      3.01
      2.84      2.97      2.79      2.70      2.76      2.74      2.85      3.06
      2.83      2.72      2.68      2.70      2.64      2.49      2.63      2.76
      2.66      2.54      2.45      2.66      2.64      2.52      2.63      2.59
      2.46      2.60      2.53      2.66      2.53      2.49      2.62      2.51
      2.45      2.50      2.51      2.52      2.56      2.61      2.58      2.63
      2.67      2.67      2.51      2.60      2.55      2.47      2.53      2.41
      2.43      2.55      2.52      2.49      2.48      2.58      2.56      2.55
      2.56      2.51      2.47      2.56      2.63      2.48      2.51      2.64
      2.55      2.56      3.84      6.41
### Intensity (arb. unit)
      23.6      32.7      35.3      56.2      44.5      25.3      22.2      12.4
      2.93     -3.92     -1.37     -1.08     -6.30     -5.73     -2.37     -1.14
     -2.38     -2.75    -0.800     0.180     0.731      1.21     0.421     0.834
      2.00      1.66    -0.694     -2.16     -1.87    -0.680     0.935     0.335
     0.842      2.19      2.59      1.64      3.46      4.06      2.11      2.46
      2.90      4.49      4.07      4.55      4.63      4.69      4.91      4.97
      5.71      4.57      3.77      3.89      4.32      6.45      5.75      7.03
      6.26      3.34      4.49      5.13      6.87      6.01      6.32      5.60
      6.65      6.61      6.43      5.63      5.65      3.81      4.20      3.83
      3.37      4.31      5.92      5.18      5.12      4.85      4.57      5.85
      6.45      6.84      5.74      4.45
### Errors
      32.1      26.0      22.7      24.2      23.0      24.7      23.7      20.1
      18.0      17.4      14.6      12.2      9.04      5.85      4.33      3.27
      3.03      3.22      3.00      2.91      2.95      2.96      3.14      3.39
      3.18      3.04      3.00      2.99      2.97      2.73      2.83      2.89
      2.93      2.88      2.73      2.92      2.94      2.83      2.87      2.88
      2.74      2.86      2.84      2.90      2.74      2.66      2.79      2.67
      2.63      2.71      2.73      2.75      2.78      2.81      2.81      2.81
      2.85      2.79      2.65      2.79      2.82      2.67      2.68      2.59
      2.64      2.85      2.78      2.74      2.73      2.70      2.76      2.75
      2.71      2.69      2.68      2.78      2.80      2.69      2.73      2.86
      2.72      2.64      3.95      6.29
### Intensity (arb. unit)
      42.1      35.3      39.8      33.7      36.9      22.8      13.6      4.85
     -4.96      10.2      8.10     -7.71     -12.8     -2.03    -0.234     -2.11
    -0.232    -0.184    -0.892     -1.05     -2.10     0.796      1.80    0.0449
      3.66      3.81     0.287     -1.15     -3.63    -0.604      1.85      1.51
      1.97      3.82      1.71    -0.779    -0.512      2.46      2.21      1.21
      2.36      5.45      6.73      7.46      4.99      4.64      3.11      2.84
      2.54      3.12      4.39      4.16      6.14      6.19      7.52      4.53
      4.90      3.99      2.83      4.69      6.89      3.99      3.44      5.22
      5.99      6.77      7.70      5.83      5.20      5.08      5.38      5.69
      4.91      7.60      7.32      8.59      4.77      3.68      4.36      5.64
      7.56      8.36      5.53      3.32
### Errors
      38.3      32.2      27.4      28.9      27.3      28.3      28.0      23.3
      21.3      20.4      17.0      15.2      11.2      7.31      5.48      4.14
      3.72      3.96      3.73      3.59      3.63      3.78      4.05      4.35
      3.91      3.59      3.66      3.43      3.39      3.19      3.32      3.49
      3.63      3.75      3.42      3.68      3.76      3.49      3.69      3.52
      3.52      3.75      3.56      3.78      3.30      3.14      3.23      3.02
      3.13      3.29      3.28      3.39      3.47      3.42      3.39      3.51
      3.55      3.38      3.14      3.39      3.30      3.07      3.10      3.21
      3.37      3.67      3.47      3.41      3.43      3.41      3.42      3.40
      3.36      3.28      3.12      3.31      3.29      3.23      3.29      3.44
      3.25      3.13      4.47      7.22
