   31   65
### Q
    1.0195    1.0498    1.0997    1.1494    1.2003    1.2499    1.3000    1.3500
    1.4000    1.4500    1.5000    1.5500    1.6000    1.6500    1.7000    1.7500
    1.8000    1.8500    1.9000    1.9500    2.0000    2.0500    2.1000    2.1500
    2.2000    2.2500    2.3000    2.3500    2.4000    2.4499    2.4899   0.00000
### E
  -0.18140  -0.15164 -0.098707 -0.050365 0.0010567  0.051755   0.10042   0.14905
   0.19932   0.24884   0.30105   0.35246   0.40301   0.45281   0.50177   0.55001
   0.59849   0.65039   0.69929   0.74896   0.80066   0.84864   0.89953   0.95051
   0.99959    1.0487    1.1005    1.1488    1.1986    1.2488    1.2988    1.3512
    1.3991    1.4495    1.4993    1.5494    1.6006    1.6507    1.6996    1.7507
    1.8005    1.8493    1.9001    1.9502    2.0001    2.0508    2.1001    2.1508
    2.2001    2.2508    2.3000    2.3503    2.3996    2.4496    2.5001    2.5498
    2.5998    2.6508    2.7005    2.7495    2.7995    2.8502    2.8998    2.9498
    2.9878   0.00000
### Intensity (Intensity)
      3.56      10.3      23.8      34.1      33.3      32.0      26.6      11.6
      2.21    0.0597     0.128   -0.0242    0.0333     0.426     0.408      1.01
     0.805     0.602     0.802     0.180     0.257     0.939     0.797     0.216
    0.0405     0.683     0.373   -0.0772    0.0637     0.322    0.0760     0.288
      1.17      1.29     0.689     0.617      1.09     0.962     0.535    0.0174
     0.240     0.773     0.921     0.764     0.935     0.900     0.405    0.0118
     0.554     0.486     0.425     0.571     0.473     0.323     0.461     0.905
     0.657     0.387     0.468     0.460     0.362   -0.0156   -0.0597     0.172
    0.0532
### Errors
    0.0712     0.162     0.326     0.454     0.407     0.404     0.333     0.180
    0.0596   0.00735   0.00572   0.00617   0.00798   0.00964    0.0107    0.0166
    0.0121    0.0101    0.0127   0.00975    0.0105    0.0149    0.0121   0.00679
   0.00926    0.0134   0.00807   0.00427   0.00534   0.00662   0.00399   0.00799
    0.0165    0.0184    0.0108   0.00839    0.0132    0.0122   0.00862   0.00579
   0.00732    0.0115    0.0114   0.00949    0.0115    0.0124   0.00880   0.00899
   0.00979   0.00772   0.00712   0.00843   0.00630   0.00472   0.00855    0.0144
    0.0105   0.00564   0.00580   0.00597   0.00558   0.00365   0.00385   0.00496
   0.00266
### Intensity (Intensity)
      2.00      6.23      17.2      31.6      32.6      33.4      24.7      10.5
      2.12    -0.104    -0.137    0.0599     0.332     0.369     0.159     0.931
      1.20      1.33     0.904     0.349     0.710     0.931     0.435     0.432
     0.113     0.399     0.216  -0.00729     0.298     0.175   -0.0627     0.270
     0.847     0.899     0.606     0.608      1.01     0.930     0.602     0.230
     0.342     0.605     0.888      1.06      1.03     0.757     0.667     0.509
     0.632     0.367     0.341     0.510     0.558     0.212     0.224     0.545
     0.524     0.457     0.576     0.557     0.240    -0.217    -0.290   -0.0708
   -0.0885
### Errors
    0.0446    0.0992     0.223     0.342     0.322     0.337     0.255     0.135
    0.0461   0.00716   0.00485   0.00519   0.00608   0.00681   0.00946    0.0127
    0.0131    0.0152    0.0112   0.00763    0.0109    0.0128   0.00878   0.00776
   0.00691   0.00768   0.00538   0.00348   0.00498   0.00408   0.00330   0.00576
    0.0104    0.0113   0.00780   0.00723    0.0106    0.0104   0.00766   0.00445
   0.00548   0.00760   0.00907    0.0108    0.0103   0.00856   0.00770   0.00711
   0.00737   0.00545   0.00534   0.00614   0.00605   0.00382   0.00551   0.00810
   0.00690   0.00531   0.00651   0.00721   0.00510   0.00456   0.00460   0.00352
   0.00246
### Intensity (Intensity)
     0.694      5.32      16.4      28.5      35.7      34.9      23.7      8.88
      1.51    0.0125   -0.0680   -0.0515     0.424     0.673     0.656     0.797
     0.900     0.959     0.532   -0.0799     0.362     0.530     0.223     0.403
     0.481     0.410     0.139    0.0702     0.226     0.150     0.165     0.310
     0.587     0.650     0.551     0.415     0.395     0.445     0.406     0.365
     0.658     0.960     0.913     0.940     0.651     0.508     0.581     0.768
     0.702     0.481     0.468     0.815     0.787     0.317     0.312     0.405
     0.511     0.321     0.233  -0.00636   -0.0643    -0.233    -0.192    -0.265
    -0.157
### Errors
    0.0256    0.0627     0.160     0.253     0.291     0.302     0.215     0.100
    0.0344   0.00664   0.00404   0.00579   0.00704   0.00744   0.00775   0.00882
    0.0101    0.0116   0.00847   0.00698   0.00838   0.00832   0.00651   0.00617
   0.00631   0.00617   0.00512   0.00406   0.00395   0.00416   0.00416   0.00459
   0.00576   0.00634   0.00535   0.00487   0.00563   0.00582   0.00494   0.00411
   0.00652   0.00919   0.00825   0.00895   0.00712   0.00525   0.00550   0.00697
   0.00637   0.00529   0.00571   0.00765   0.00698   0.00423   0.00396   0.00453
   0.00472   0.00393   0.00437   0.00503   0.00373   0.00343   0.00328   0.00359
   0.00289
### Intensity (Intensity)
      1.34      6.56      15.7      28.0      37.1      35.9      23.1      9.09
      1.81    0.0187    0.0656     0.293     0.927     0.637     0.359     0.533
     0.357     0.357     0.305    -0.270    -0.300     0.403     0.659     0.775
     0.894     0.944     0.756     0.576     0.544     0.622     0.709     0.598
     0.746     0.607     0.537     0.335     0.147     0.264     0.247     0.398
     0.777      1.08     0.977     0.716     0.492     0.471     0.569     0.869
     0.929     0.834     0.834     0.981     0.833     0.480     0.149     0.345
     0.383     0.259     0.117   -0.0827   -0.0975    -0.152    -0.139    -0.149
   -0.0403
### Errors
    0.0292    0.0715     0.152     0.257     0.313     0.334     0.221     0.101
    0.0352   0.00742   0.00399   0.00641    0.0100   0.00716   0.00548   0.00733
   0.00646   0.00600   0.00599   0.00755   0.00858   0.00725   0.00706   0.00788
   0.00839   0.00984   0.00810   0.00665   0.00588   0.00693   0.00720   0.00604
   0.00675   0.00566   0.00492   0.00394   0.00343   0.00339   0.00312   0.00428
   0.00751    0.0105   0.00886   0.00744   0.00586   0.00496   0.00582   0.00818
   0.00806   0.00781   0.00767   0.00934   0.00752   0.00517   0.00390   0.00430
   0.00399   0.00322   0.00358   0.00416   0.00292   0.00239   0.00269   0.00369
   0.00405
### Intensity (Intensity)
      2.81      7.85      18.0      29.9      34.9      29.9      19.8      8.60
      1.19    -0.469   -0.0437     0.386     0.934     0.626     0.323     0.346
     0.472     0.473     0.535    0.0962    -0.208     0.287     0.806     0.802
     0.759     0.873      1.12     0.808     0.942     0.922     0.858     0.703
     0.693     0.487     0.580     0.390     0.391     0.463     0.471     0.540
     0.649     0.783     0.746     0.654     0.650     0.633     0.710     0.902
     0.915     0.861     0.860     0.825     0.679     0.552     0.385     0.193
     0.244     0.262     0.376     0.307    0.0659   -0.0846    0.0284  -0.00498
    -0.236
### Errors
    0.0407    0.0906     0.181     0.265     0.285     0.265     0.184    0.0902
    0.0335   0.00893   0.00536   0.00674   0.00874   0.00667   0.00699   0.00955
   0.00948   0.00792   0.00703   0.00581   0.00587   0.00607   0.00697   0.00698
   0.00671   0.00796   0.00924   0.00742   0.00830   0.00868   0.00769   0.00616
   0.00583   0.00471   0.00503   0.00388   0.00395   0.00458   0.00453   0.00526
   0.00628   0.00743   0.00676   0.00606   0.00594   0.00590   0.00660   0.00820
   0.00764   0.00743   0.00722   0.00737   0.00599   0.00517   0.00443   0.00374
   0.00306   0.00301   0.00418   0.00482   0.00286   0.00219   0.00265   0.00394
   0.00555
### Intensity (Intensity)
      3.69      10.4      26.0      35.9      36.6      29.8      18.1      7.28
     0.740    -0.741    -0.118     0.227     0.941     0.717     0.479      1.21
     0.915     0.934     0.738     0.225     0.180     0.470     0.698     0.603
     0.532     0.695     0.895     0.639      1.02      1.28      1.07     0.694
     0.572     0.335     0.461     0.501     0.594     0.667     0.665     0.759
     0.715     0.638     0.629     0.517     0.568     0.743     0.753     0.644
     0.607     0.541     0.577     0.599     0.604     0.640     0.641     0.365
     0.187     0.224     0.254     0.202     0.125   -0.0999   -0.0160   -0.0765
    -0.130
### Errors
    0.0520     0.119     0.246     0.327     0.305     0.269     0.169    0.0787
    0.0305    0.0113   0.00695   0.00778   0.00945   0.00799   0.00945    0.0164
    0.0129    0.0117   0.00896   0.00524   0.00468   0.00602   0.00635   0.00556
   0.00483   0.00644   0.00794   0.00696   0.00951    0.0121   0.00970   0.00659
   0.00544   0.00412   0.00466   0.00487   0.00538   0.00617   0.00601   0.00739
   0.00661   0.00607   0.00564   0.00496   0.00575   0.00717   0.00667   0.00621
   0.00555   0.00516   0.00553   0.00557   0.00520   0.00576   0.00599   0.00507
   0.00369   0.00393   0.00386   0.00346   0.00332   0.00322   0.00294   0.00307
   0.00403
### Intensity (Intensity)
      2.61      9.13      24.1      36.4      37.7      29.8      18.5      8.15
      1.59    -0.224    0.0390     0.588     0.960     0.830     0.517      1.19
      1.03      1.07     0.606     0.154     0.386     0.700     0.610     0.575
     0.703     0.857      1.01     0.892      1.01      1.18      1.05     0.712
     0.449     0.302     0.622     0.817     0.834     0.822     0.689     0.694
     0.881     0.715     0.649     0.542     0.491     0.735     0.829     0.759
     0.560     0.683     0.630     0.560     0.598     0.701     0.813     0.637
     0.252  -0.00537    0.0801     0.234    0.0276    -0.479    -0.341   -0.0934
   -0.0847
### Errors
    0.0413     0.106     0.219     0.308     0.298     0.254     0.166    0.0817
    0.0319   0.00988   0.00651   0.00884    0.0107    0.0112    0.0102    0.0131
    0.0112    0.0113   0.00766   0.00483   0.00524   0.00688   0.00570   0.00543
   0.00665   0.00858   0.00890   0.00816   0.00878    0.0105   0.00899   0.00708
   0.00537   0.00404   0.00563   0.00729   0.00732   0.00736   0.00628   0.00641
   0.00733   0.00639   0.00592   0.00555   0.00549   0.00667   0.00680   0.00696
   0.00548   0.00646   0.00587   0.00532   0.00520   0.00612   0.00685   0.00632
   0.00450   0.00479   0.00423   0.00376   0.00415   0.00590   0.00445   0.00375
   0.00415
### Intensity (Intensity)
      3.07      8.61      22.1      32.6      36.1      28.2      18.3      8.21
      2.29     0.372    0.0992     0.428     0.195   -0.0441     0.784      1.33
      1.04     0.572     0.410     0.342     0.632     0.538     0.372     0.710
     0.881      1.16     0.976     0.950     0.910     0.743     0.645     0.285
    0.0696     0.206     0.554     0.828      1.22      1.12     0.924     0.843
     0.942     0.925     0.980     0.889     0.753     0.782     0.814     0.681
     0.395     0.695     0.819     0.716     0.641     0.721     0.836     0.534
     0.490     0.462     0.494     0.409   0.00584    -0.368    -0.629    -0.570
    -0.556
### Errors
    0.0410    0.0940     0.203     0.286     0.295     0.251     0.164    0.0841
    0.0333   0.00924   0.00640   0.00765   0.00986    0.0119    0.0116    0.0134
    0.0101   0.00759   0.00582   0.00437   0.00643   0.00564   0.00527   0.00757
   0.00871    0.0125    0.0101   0.00924   0.00826   0.00715   0.00614   0.00436
   0.00414   0.00438   0.00541   0.00766    0.0105    0.0102   0.00815   0.00746
   0.00805   0.00844   0.00877   0.00840   0.00695   0.00726   0.00701   0.00681
   0.00555   0.00734   0.00743   0.00695   0.00598   0.00680   0.00775   0.00539
   0.00516   0.00593   0.00595   0.00543   0.00439   0.00543   0.00647   0.00702
   0.00840
### Intensity (Intensity)
      4.41      8.83      19.5      33.1      38.2      25.5      16.9      7.26
      1.28     0.454     0.359     0.658     0.149    -0.352      1.07      1.53
      1.23      1.05     0.584     0.407     0.507     0.638     0.618      1.07
      1.23     0.715     0.424     0.847     0.979     0.708     0.475     0.368
     0.499     0.700     0.871      1.05      1.24      1.31      1.13      1.05
      1.14      1.30      1.30      1.25      1.12     0.720     0.653     0.578
     0.467     0.536     0.698     0.598     0.679     0.774     0.699     0.500
     0.586     0.490     0.315     0.293    0.0542   -0.0933    -0.651     -1.06
    -0.870
### Errors
    0.0515    0.0876     0.178     0.282     0.299     0.222     0.146    0.0762
    0.0270   0.00852   0.00655   0.00827   0.00835    0.0113    0.0140    0.0147
    0.0115    0.0105   0.00722   0.00497   0.00613   0.00763   0.00840    0.0115
    0.0114   0.00869   0.00728   0.00857   0.00836   0.00643   0.00450   0.00444
   0.00665   0.00820   0.00794   0.00890   0.00994    0.0110   0.00920   0.00883
   0.00928    0.0110    0.0104    0.0104   0.00927   0.00675   0.00570   0.00536
   0.00512   0.00580   0.00624   0.00553   0.00628   0.00745   0.00670   0.00486
   0.00506   0.00529   0.00472   0.00479   0.00374   0.00447   0.00712    0.0106
    0.0105
### Intensity (Intensity)
      4.20      8.94      19.7      30.8      34.3      23.7      12.7      4.24
     0.768     0.222     0.341     0.487   -0.0259    0.0115      1.31      1.68
      1.16      1.26      1.02     0.530     0.608      1.03     0.846      1.55
      1.28     0.458     0.424     0.863     0.935     0.633     0.516     0.646
      1.13      1.37      1.27      1.06      1.14      1.19      1.26      1.13
      1.20      1.25      1.31      1.27      1.21     0.744     0.554     0.516
     0.660     0.813     0.763     0.588     0.555     0.910     0.619     0.543
     0.542     0.194    -0.144    -0.163    -0.110    -0.266    -0.785     -1.14
    -0.626
### Errors
    0.0519    0.0900     0.181     0.274     0.286     0.216     0.123    0.0548
    0.0177   0.00699   0.00630   0.00840   0.00720   0.00975    0.0154    0.0176
    0.0119    0.0123    0.0103   0.00669   0.00728    0.0117    0.0109    0.0170
    0.0131   0.00630   0.00592   0.00886   0.00861   0.00607   0.00477   0.00642
    0.0106    0.0131    0.0110   0.00915   0.00949    0.0103    0.0105   0.00983
    0.0101    0.0109    0.0109    0.0111    0.0105   0.00734   0.00523   0.00472
   0.00597   0.00783   0.00694   0.00562   0.00609   0.00992   0.00687   0.00546
   0.00525   0.00364   0.00379   0.00378   0.00337   0.00460   0.00849    0.0119
   0.00826
### Intensity (Intensity)
      3.57      10.1      22.9      30.7      30.5      21.1      11.2      3.05
     0.590     0.227   -0.0970    -0.287    -0.154     0.581      1.41      1.45
      1.10      1.17     0.695     0.414     0.708     0.961     0.962      1.20
     0.862     0.566     0.633      1.16      1.03     0.766     0.801     0.918
      1.16      1.47      1.38      1.11      1.06      1.28      1.44      1.39
      1.23      1.25      1.39      1.24      1.05     0.756     0.649     0.771
     0.890      1.04     0.907     0.499     0.514     0.614     0.558     0.678
     0.543     0.182    -0.102    -0.144  -0.00577    0.0330    -0.611     -1.04
    -0.636
### Errors
    0.0465     0.102     0.197     0.264     0.246     0.185     0.111    0.0476
    0.0127   0.00532   0.00539   0.00618   0.00615   0.00867    0.0132    0.0138
    0.0109    0.0112   0.00831   0.00563   0.00709   0.00908   0.00988    0.0126
   0.00949   0.00589   0.00672    0.0108   0.00958   0.00872   0.00877   0.00894
    0.0105    0.0128    0.0112   0.00952   0.00903    0.0109    0.0115    0.0117
    0.0100    0.0103    0.0110    0.0106   0.00903   0.00716   0.00619   0.00691
   0.00766   0.00917   0.00784   0.00496   0.00530   0.00651   0.00587   0.00636
   0.00496   0.00307   0.00276   0.00351   0.00343   0.00445   0.00717    0.0102
   0.00789
### Intensity (Intensity)
      3.33      10.8      22.4      31.1      28.8      20.5      13.4      4.83
     0.695     0.201    -0.147    -0.520    -0.159     0.777      1.49      1.32
      1.03     0.816     0.533     0.547     0.815     0.931     0.984     0.986
     0.743     0.651     0.757      1.13      1.26      1.49      1.60      1.38
      1.27      1.40      1.23      1.21     0.954      1.20      1.59      1.39
      1.03      1.09      1.35      1.31      1.15     0.942     0.958     0.959
      1.15      1.27     0.974     0.565     0.637     0.497     0.316     0.599
     0.596     0.236   -0.0249     0.201     0.267    0.0394    -0.519    -0.814
    -0.700
### Errors
    0.0469     0.111     0.203     0.282     0.242     0.180     0.123    0.0611
    0.0201   0.00576   0.00474   0.00652   0.00594   0.00992    0.0131    0.0123
   0.00968   0.00867   0.00676   0.00640   0.00737   0.00853   0.00905   0.00996
   0.00783   0.00643   0.00742    0.0107    0.0115    0.0147    0.0144    0.0130
    0.0114    0.0126    0.0106    0.0112   0.00917    0.0108    0.0132    0.0127
   0.00926   0.00955    0.0112    0.0116    0.0100   0.00868   0.00849   0.00850
   0.00984    0.0117   0.00889   0.00538   0.00581   0.00518   0.00480   0.00603
   0.00538   0.00348   0.00312   0.00466   0.00440   0.00458   0.00609   0.00842
   0.00904
### Intensity (Intensity)
      2.45      9.27      21.1      29.5      28.4      22.1      15.0      6.03
     0.465    -0.230    -0.165    -0.266    -0.317     0.436      1.13     0.997
     0.682     0.757     0.859     0.846     0.953     0.988      1.20      1.56
      1.32      1.24      1.13     0.997      1.18      1.57      1.84      1.78
      1.56      1.34      1.28      1.28      1.42      1.45      1.63      1.28
      1.01      1.20      1.32      1.26      1.34      1.26      1.08     0.991
      1.25      1.34      1.05     0.593     0.710     0.762     0.503     0.655
     0.606     0.152    0.0550     0.363     0.190    -0.298    -0.553    -0.586
    -0.526
### Errors
    0.0384    0.0984     0.189     0.254     0.230     0.191     0.133    0.0676
    0.0236   0.00614   0.00481   0.00474   0.00619   0.00829    0.0105    0.0100
   0.00726   0.00743   0.00813   0.00798   0.00847   0.00941    0.0115    0.0143
    0.0116    0.0110   0.00980   0.00885    0.0102    0.0136    0.0151    0.0154
    0.0132    0.0114    0.0104    0.0110    0.0118    0.0124    0.0130    0.0113
    0.0101    0.0114    0.0111    0.0106    0.0108    0.0106   0.00880   0.00822
    0.0100    0.0115   0.00932   0.00611   0.00628   0.00724   0.00529   0.00633
   0.00548   0.00309   0.00314   0.00430   0.00390   0.00485   0.00518   0.00603
   0.00683
### Intensity (Intensity)
      1.29      7.65      19.6      24.6      22.7      21.9      13.8      4.95
     0.757    0.0140    -0.184   -0.0983   -0.0795     0.486     0.503     0.381
     0.547     0.824      1.00      1.26      1.17      1.40      1.68      1.88
      1.57      1.49      1.49      1.05     0.945      1.40      1.93      2.11
      1.79      1.19      1.06      1.27      1.65      1.62      1.54      1.47
      1.60      1.82      1.52      1.22      1.18      1.23      1.01      1.01
      1.15      1.30      1.27     0.853     0.726     0.593     0.564     0.505
     0.341    0.0279     0.147     0.305     0.210    -0.258    -0.437    -0.450
    -0.501
### Errors
    0.0278    0.0911     0.188     0.237     0.204     0.214     0.136    0.0597
    0.0222   0.00561   0.00574   0.00428   0.00519   0.00778   0.00713   0.00637
   0.00684   0.00820   0.00965    0.0120    0.0108    0.0137    0.0150    0.0174
    0.0137    0.0134    0.0128   0.00963   0.00871    0.0126    0.0166    0.0194
    0.0156    0.0105   0.00916    0.0112    0.0139    0.0142    0.0128    0.0129
    0.0142    0.0174    0.0135    0.0106    0.0100    0.0109   0.00874   0.00874
   0.00975    0.0118    0.0113   0.00827   0.00656   0.00576   0.00552   0.00538
   0.00415   0.00241   0.00275   0.00338   0.00366   0.00422   0.00424   0.00493
   0.00653
### Intensity (Intensity)
      1.51      6.20      12.4      15.6      16.1      13.3      10.6      5.55
     0.980     0.335     0.650     0.466     0.307     0.511     0.533     0.610
     0.997      1.31      1.70      1.77      1.39      1.44      1.66      1.98
      1.70      1.38      1.49      1.42      1.41      1.54      1.78      2.00
      1.67      1.53      1.30      1.34      1.68      1.81      1.77      1.79
      1.98      1.97      1.69      1.40      1.34      1.31      1.25      1.38
      1.27      1.10      1.17      1.07     0.988     0.716     0.739     0.789
     0.392     0.148     0.146     0.393     0.210   -0.0817    -0.418    -0.510
    -0.555
### Errors
    0.0280    0.0719     0.128     0.160     0.154     0.137     0.104    0.0590
    0.0239   0.00658   0.00797   0.00691   0.00525   0.00621   0.00745   0.00886
   0.00978    0.0117    0.0146    0.0163    0.0129    0.0127    0.0142    0.0171
    0.0142    0.0120    0.0123    0.0122    0.0119    0.0133    0.0150    0.0173
    0.0142    0.0133    0.0113    0.0116    0.0137    0.0155    0.0146    0.0153
    0.0161    0.0166    0.0139    0.0117    0.0109    0.0112    0.0106    0.0122
    0.0109   0.00999   0.00986   0.00909   0.00810   0.00652   0.00638   0.00743
   0.00483   0.00362   0.00384   0.00419   0.00322   0.00337   0.00504   0.00611
   0.00695
### Intensity (Intensity)
      2.36      6.74      12.6      18.9      18.8      10.1      6.49      4.42
     0.986     0.298      1.06     0.854     0.390     0.582      1.18      1.53
      1.51      1.65      2.31      2.18      1.36      1.41      1.74      1.93
      1.86      1.57      1.32      1.45      1.70      1.74      1.83      1.70
      1.55      1.78      1.71      1.46      1.63      1.93      1.97      2.05
      1.96      1.92      1.84      1.55      1.53      1.35      1.44      1.72
      1.55      1.37      1.25      1.15      1.21     0.894     0.774     0.818
     0.668     0.614     0.564     0.568     0.385     0.132    -0.175    -0.707
    -0.485
### Errors
    0.0346    0.0698     0.120     0.184     0.170     0.105    0.0645    0.0465
    0.0239   0.00682    0.0114   0.00963   0.00570   0.00683    0.0115    0.0150
    0.0137    0.0151    0.0198    0.0210    0.0138    0.0129    0.0147    0.0172
    0.0157    0.0142    0.0115    0.0129    0.0144    0.0155    0.0154    0.0151
    0.0135    0.0161    0.0147    0.0128    0.0139    0.0172    0.0168    0.0188
    0.0169    0.0167    0.0153    0.0134    0.0130    0.0118    0.0126    0.0160
    0.0135    0.0125    0.0107   0.00989    0.0101   0.00808   0.00687   0.00764
   0.00652   0.00714   0.00626   0.00608   0.00453   0.00380   0.00563   0.00850
   0.00625
### Intensity (Intensity)
      4.10      8.18      15.9      24.2      23.9      17.0      7.98      5.05
      1.72     0.302     0.636     0.927      1.01     0.842      1.69      1.84
      2.06      2.46      2.49      1.73      1.35      1.79      2.12      1.98
      1.92      1.78      1.52      1.58      1.75      1.71      1.77      1.80
      2.05      2.07      1.87      1.68      1.73      2.12      2.23      1.82
      1.75      2.06      2.00      1.92      1.86      1.60      1.60      1.69
      1.66      1.70      1.55      1.48      1.46      1.16     0.956     0.811
     0.825     0.928     0.649     0.771     0.577     0.102    -0.214    -0.753
    -0.468
### Errors
    0.0556    0.0861     0.155     0.219     0.206     0.165    0.0940    0.0506
    0.0275   0.00872   0.00967    0.0117    0.0104   0.00915    0.0140    0.0154
    0.0172    0.0210    0.0203    0.0161    0.0127    0.0157    0.0172    0.0170
    0.0157    0.0151    0.0134    0.0145    0.0149    0.0146    0.0147    0.0157
    0.0172    0.0179    0.0155    0.0142    0.0146    0.0179    0.0180    0.0158
    0.0151    0.0174    0.0161    0.0160    0.0148    0.0133    0.0132    0.0146
    0.0137    0.0143    0.0126    0.0124    0.0117   0.00987   0.00786   0.00689
   0.00714   0.00862   0.00740   0.00801   0.00593   0.00339   0.00560   0.00840
   0.00618
### Intensity (Intensity)
      6.39      12.1      25.0      33.8      33.4      26.7      15.2      7.96
      3.30      1.14      1.15      1.81      1.65      1.50      1.90      1.96
      2.50      2.83      2.14      1.21      1.41      2.16      2.63      2.47
      2.06      1.93      2.01      2.26      2.28      2.05      2.05      2.34
      2.49      2.46      2.07      1.91      2.03      2.24      2.33      1.89
      1.89      2.14      2.12      2.05      1.85      1.59      1.81      1.77
      1.56      1.54      1.60      1.63      1.64      1.32      1.04     0.846
     0.838     0.925     0.850     0.627     0.240 -0.000903    -0.218    -0.619
    -0.379
### Errors
    0.0825     0.124     0.232     0.311     0.287     0.252     0.157    0.0804
    0.0391    0.0133    0.0127    0.0186    0.0152    0.0138    0.0161    0.0170
    0.0215    0.0253    0.0191    0.0121    0.0142    0.0197    0.0221    0.0221
    0.0175    0.0167    0.0173    0.0209    0.0196    0.0181    0.0177    0.0211
    0.0211    0.0223    0.0177    0.0166    0.0172    0.0196    0.0195    0.0165
    0.0163    0.0191    0.0177    0.0181    0.0155    0.0136    0.0152    0.0159
    0.0135    0.0138    0.0135    0.0142    0.0137    0.0116   0.00885   0.00753
   0.00749   0.00897   0.00824   0.00737   0.00467   0.00299   0.00467   0.00750
   0.00572
### Intensity (Intensity)
      7.18      14.8      33.5      46.7      45.2      41.7      27.7      13.1
      4.69      2.10      1.93      2.15      2.23      2.29      2.46      2.72
      3.30      3.54      2.56      1.74      2.54      3.23      3.24      2.84
      2.43      2.29      2.44      2.51      2.60      2.68      2.66      2.70
      2.51      2.43      2.28      2.16      2.37      2.36      2.25      2.04
      1.82      2.25      2.25      1.94      1.88      1.71      1.84      1.70
      1.44      1.48      1.64      1.71      1.65      1.30      1.15      1.07
     0.715     0.717     0.650     0.322   -0.0244    -0.316    -0.356    -0.477
    -0.362
### Errors
    0.0877     0.149     0.302     0.415     0.395     0.381     0.267     0.135
    0.0575    0.0191    0.0163    0.0185    0.0184    0.0196    0.0198    0.0227
    0.0268    0.0304    0.0221    0.0155    0.0218    0.0277    0.0259    0.0237
    0.0200    0.0195    0.0201    0.0214    0.0214    0.0224    0.0214    0.0227
    0.0205    0.0204    0.0185    0.0180    0.0189    0.0197    0.0182    0.0172
    0.0155    0.0192    0.0179    0.0163    0.0154    0.0147    0.0149    0.0144
    0.0124    0.0129    0.0134    0.0142    0.0131    0.0109   0.00938   0.00937
   0.00697   0.00680   0.00634   0.00457   0.00384   0.00441   0.00435   0.00556
   0.00560
### Intensity (Intensity)
      9.00      18.7      40.1      62.6      66.8      60.3      40.4      18.3
      5.95      2.57      2.25      2.22      2.72      2.77      2.85      2.97
      3.88      3.85      2.85      1.87      2.69      3.54      3.36      2.95
      2.70      2.86      2.82      2.82      3.01      2.83      2.69      2.68
      2.52      2.29      2.40      2.39      2.46      2.49      2.23      1.94
      1.72      1.92      2.07      2.09      2.21      2.13      1.94      1.71
      1.62      1.76      1.80      1.82      1.67      1.24      1.11      1.12
     0.828     0.696     0.508     0.376     0.138    -0.208    -0.247    -0.470
    -0.503
### Errors
     0.111     0.187     0.381     0.577     0.570     0.557     0.376     0.188
    0.0738    0.0234    0.0190    0.0192    0.0229    0.0243    0.0241    0.0256
    0.0322    0.0338    0.0253    0.0170    0.0239    0.0316    0.0280    0.0257
    0.0231    0.0259    0.0240    0.0249    0.0254    0.0250    0.0227    0.0237
    0.0210    0.0196    0.0199    0.0208    0.0205    0.0219    0.0187    0.0173
    0.0149    0.0167    0.0172    0.0180    0.0185    0.0191    0.0163    0.0149
    0.0140    0.0159    0.0151    0.0158    0.0138    0.0109   0.00967    0.0104
   0.00770   0.00704   0.00539   0.00444   0.00465   0.00547   0.00499   0.00631
   0.00713
### Intensity (Intensity)
      10.5      23.4      50.9      77.4      84.9      72.0      46.2      20.5
      6.49      2.90      2.75      2.80      3.12      3.23      3.42      3.95
      4.58      4.57      3.69      2.70      2.84      3.40      3.44      3.23
      2.92      3.14      2.86      2.93      2.90      2.69      2.43      2.52
      2.52      2.47      2.52      2.44      2.55      2.64      2.37      2.02
      2.11      2.21      2.26      2.41      2.54      2.16      2.04      1.92
      1.87      1.87      1.97      1.98      2.02      1.44      1.09      1.23
     0.979     0.625     0.430     0.412     0.366     0.197    0.0473    -0.388
    -0.433
### Errors
     0.125     0.228     0.456     0.664     0.677     0.618     0.418     0.206
    0.0798    0.0254    0.0233    0.0244    0.0258    0.0279    0.0286    0.0331
    0.0363    0.0381    0.0305    0.0231    0.0236    0.0287    0.0275    0.0272
    0.0243    0.0268    0.0237    0.0246    0.0235    0.0227    0.0203    0.0212
    0.0202    0.0204    0.0203    0.0204    0.0205    0.0220    0.0194    0.0175
    0.0176    0.0188    0.0185    0.0200    0.0200    0.0180    0.0165    0.0161
    0.0151    0.0156    0.0159    0.0163    0.0158    0.0126    0.0100    0.0109
   0.00869   0.00645   0.00510   0.00448   0.00467   0.00465   0.00545   0.00637
   0.00612
### Intensity (Intensity)
      12.3      28.5      59.3      86.8      94.8      82.2      53.9      22.6
      6.86      3.58      3.76      3.84      3.63      3.83      4.02      4.03
      4.54      4.57      4.29      3.43      2.91      2.96      3.22      3.21
      3.04      3.10      2.93      2.97      2.82      2.73      2.56      2.57
      2.53      2.47      2.57      2.59      2.55      2.58      2.64      2.54
      2.67      2.68      2.66      2.54      2.51      2.28      2.17      2.09
      1.97      2.02      2.16      1.99      1.94      1.75      1.45      1.38
      1.14     0.916     0.750     0.557     0.245    0.0520    -0.348    -0.429
    -0.446
### Errors
     0.151     0.281     0.536     0.776     0.786     0.739     0.498     0.236
    0.0847    0.0317    0.0320    0.0346    0.0311    0.0347    0.0344    0.0355
    0.0382    0.0402    0.0358    0.0300    0.0246    0.0255    0.0268    0.0285
    0.0258    0.0274    0.0248    0.0261    0.0236    0.0240    0.0215    0.0224
    0.0211    0.0216    0.0216    0.0228    0.0213    0.0223    0.0221    0.0224
    0.0225    0.0236    0.0222    0.0220    0.0208    0.0197    0.0181    0.0183
    0.0165    0.0175    0.0180    0.0171    0.0160    0.0156    0.0128    0.0127
    0.0101   0.00870   0.00693   0.00571   0.00392   0.00389   0.00584   0.00607
   0.00677
### Intensity (Intensity)
      14.0      32.0      63.8      89.7      96.9      87.7      57.2      23.2
      6.59      3.75      4.09      4.26      3.89      3.36      3.49      3.52
      3.73      4.04      4.35      4.07      3.61      3.36      3.20      3.13
      3.19      3.27      3.17      3.11      3.04      2.96      3.01      3.17
      2.88      2.59      2.56      2.65      2.70      2.85      2.80      2.77
      2.88      2.96      3.00      2.67      2.51      2.52      2.33      2.19
      2.35      2.45      2.24      2.16      2.10      2.19      1.90      1.39
      1.13     0.988     0.833     0.777     0.544     0.293    -0.234    -0.473
    -0.157
### Errors
     0.163     0.297     0.541     0.756     0.767     0.743     0.506     0.237
    0.0830    0.0312    0.0326    0.0355    0.0314    0.0285    0.0286    0.0299
    0.0310    0.0341    0.0344    0.0336    0.0290    0.0281    0.0265    0.0270
    0.0263    0.0275    0.0256    0.0258    0.0243    0.0246    0.0247    0.0273
    0.0244    0.0224    0.0213    0.0224    0.0219    0.0238    0.0226    0.0230
    0.0232    0.0249    0.0242    0.0225    0.0205    0.0212    0.0190    0.0183
    0.0189    0.0205    0.0182    0.0181    0.0171    0.0186    0.0156    0.0120
   0.00951   0.00844   0.00712   0.00715   0.00559   0.00487   0.00507   0.00616
   0.00490
### Intensity (Intensity)
      12.0      28.4      57.1      81.4      89.6      79.6      51.8      21.2
      6.13      3.12      3.41      3.92      3.86      3.09      3.21      3.50
      3.67      3.81      3.92      3.68      3.61      3.68      3.84      3.90
      3.56      3.53      3.32      3.00      3.16      3.12      3.39      3.74
      3.56      3.10      2.91      2.89      2.70      2.94      3.13      2.99
      3.11      3.30      3.39      2.97      2.72      2.80      2.58      2.47
      2.58      2.57      2.42      2.30      2.26      2.27      2.17      1.58
      1.19     0.949     0.821     0.969     0.786     0.427    0.0824   -0.0339
    0.0815
### Errors
     0.148     0.277     0.508     0.718     0.740     0.719     0.484     0.225
    0.0769    0.0273    0.0287    0.0344    0.0320    0.0262    0.0267    0.0308
    0.0307    0.0331    0.0323    0.0319    0.0301    0.0320    0.0325    0.0352
    0.0304    0.0311    0.0277    0.0257    0.0261    0.0269    0.0287    0.0340
    0.0306    0.0277    0.0247    0.0258    0.0230    0.0257    0.0259    0.0256
    0.0259    0.0292    0.0284    0.0260    0.0229    0.0248    0.0218    0.0216
    0.0215    0.0224    0.0202    0.0201    0.0191    0.0200    0.0183    0.0141
    0.0101   0.00837   0.00743   0.00934   0.00733   0.00501   0.00410   0.00448
   0.00405
### Intensity (Intensity)
      9.58      23.7      50.7      75.4      81.0      64.8      40.7      17.1
      5.26      2.56      3.01      3.51      3.76      3.47      3.38      3.46
      3.61      3.74      3.49      3.23      3.50      4.02      4.53      4.63
      3.95      3.87      3.49      3.46      3.48      3.34      3.45      3.57
      3.41      3.14      3.13      3.17      2.97      3.18      3.56      3.65
      3.43      3.24      3.33      3.17      3.17      3.19      2.98      2.83
      2.88      2.79      2.59      2.44      2.33      2.23      2.15      1.61
      1.32      1.10      1.00     0.951     0.579     0.354     0.229     0.208
    0.0177
### Errors
     0.116     0.229     0.443     0.639     0.643     0.562     0.377     0.179
    0.0648    0.0222    0.0246    0.0294    0.0300    0.0289    0.0273    0.0289
    0.0291    0.0311    0.0280    0.0268    0.0283    0.0333    0.0360    0.0392
    0.0328    0.0327    0.0288    0.0295    0.0282    0.0278    0.0281    0.0303
    0.0280    0.0265    0.0255    0.0267    0.0247    0.0269    0.0287    0.0306
    0.0276    0.0269    0.0268    0.0264    0.0256    0.0268    0.0245    0.0240
    0.0235    0.0234    0.0210    0.0203    0.0190    0.0188    0.0172    0.0135
    0.0107   0.00928   0.00835   0.00858   0.00598   0.00419   0.00390   0.00448
   0.00351
### Intensity (Intensity)
      7.53      19.4      42.6      62.9      67.7      55.2      34.9      15.3
      4.68      2.33      2.86      3.30      3.53      3.67      3.39      3.37
      3.54      3.33      2.99      3.08      3.37      3.83      4.08      4.47
      4.09      3.93      3.46      3.79      3.69      3.56      3.58      3.47
      3.34      3.43      3.38      3.31      3.26      3.58      3.78      3.96
      3.60      3.25      3.40      3.38      3.31      3.31      3.21      3.27
      3.24      3.02      2.74      2.57      2.51      2.26      1.90      1.64
      1.48      1.33      1.09     0.739     0.468     0.261     0.362     0.416
     0.115
### Errors
    0.0929     0.194     0.386     0.559     0.558     0.493     0.320     0.156
    0.0576    0.0205    0.0241    0.0289    0.0297    0.0329    0.0289    0.0295
    0.0294    0.0289    0.0250    0.0266    0.0283    0.0336    0.0343    0.0398
    0.0349    0.0351    0.0301    0.0347    0.0314    0.0313    0.0298    0.0302
    0.0280    0.0302    0.0283    0.0290    0.0277    0.0322    0.0319    0.0352
    0.0301    0.0278    0.0282    0.0297    0.0280    0.0296    0.0274    0.0293
    0.0272    0.0267    0.0230    0.0224    0.0210    0.0200    0.0161    0.0142
    0.0124    0.0117   0.00939   0.00675   0.00498   0.00413   0.00469   0.00571
   0.00310
### Intensity (Intensity)
      6.72      18.1      39.2      55.5      59.4      49.3      32.6      14.3
      4.25      2.29      2.70      2.96      3.09      3.43      3.14      3.35
      3.49      3.29      3.11      3.21      3.34      3.51      4.05      4.48
      4.06      3.98      3.71      3.46      3.36      3.52      3.52      3.63
      3.72      3.96      3.80      3.44      3.30      3.36      3.55      3.75
      3.69      3.48      3.51      3.34      3.07      3.07      3.00      3.11
      3.33      3.06      2.89      2.84      2.61      2.38      2.22      2.14
      2.06      1.83      1.28     0.874     0.825     0.730     0.493     0.308
     0.143
### Errors
    0.0813     0.176     0.339     0.472     0.476     0.423     0.289     0.141
    0.0531    0.0195    0.0218    0.0250    0.0257    0.0298    0.0261    0.0281
    0.0281    0.0277    0.0256    0.0270    0.0270    0.0292    0.0330    0.0382
    0.0337    0.0336    0.0304    0.0295    0.0279    0.0295    0.0284    0.0302
    0.0303    0.0332    0.0308    0.0291    0.0270    0.0281    0.0288    0.0313
    0.0295    0.0288    0.0280    0.0281    0.0256    0.0264    0.0252    0.0262
    0.0267    0.0259    0.0238    0.0238    0.0215    0.0205    0.0189    0.0186
    0.0169    0.0158    0.0117   0.00813   0.00727   0.00732   0.00565   0.00403
   0.00271
### Intensity (Intensity)
      5.72      15.9      36.0      52.5      57.7      49.0      30.0      12.7
      3.84      2.03      2.10      2.40      2.17      2.47      2.79      2.96
      3.33      3.44      3.09      3.24      3.00      3.20      3.82      4.38
      3.99      3.75      3.59      3.32      3.39      3.36      3.32      3.62
      4.03      4.14      4.15      3.76      3.28      3.14      3.32      3.45
      3.66      3.69      3.48      3.28      3.26      3.43      3.31      3.17
      3.38      3.36      3.21      3.14      2.99      2.97      2.92      2.81
      2.56      2.26      1.92      1.29      1.11      1.06     0.778     0.373
    0.0854
### Errors
    0.0717     0.162     0.324     0.467     0.477     0.443     0.280     0.129
    0.0478    0.0189    0.0185    0.0221    0.0195    0.0222    0.0235    0.0257
    0.0280    0.0312    0.0268    0.0296    0.0257    0.0277    0.0324    0.0398
    0.0343    0.0336    0.0304    0.0289    0.0283    0.0293    0.0278    0.0316
    0.0338    0.0367    0.0349    0.0336    0.0277    0.0270    0.0275    0.0297
    0.0303    0.0324    0.0290    0.0284    0.0274    0.0306    0.0278    0.0274
    0.0282    0.0299    0.0271    0.0276    0.0251    0.0264    0.0247    0.0249
    0.0216    0.0200    0.0167    0.0119   0.00969    0.0101   0.00750   0.00444
   0.00286
### Intensity (Intensity)
      5.24      15.2      33.8      50.6      55.6      48.0      30.3      12.4
      3.19      1.30      1.32      1.65      1.75      2.15      2.53      2.70
      2.93      2.87      2.68      2.50      2.42      2.92      3.77      3.64
      3.50      3.10      3.06      3.12      3.44      3.53      3.57      3.59
      3.56      3.64      3.65      3.39      3.17      3.09      3.22      3.42
      3.65      3.73      3.51      3.48      3.61      3.60      3.61      3.47
      3.29      3.31      3.35      3.40      3.40      3.28      3.26      3.11
      2.85      2.56      2.11      1.71      1.34      1.06     0.778     0.317
    0.0542
### Errors
    0.0651     0.149     0.299     0.431     0.445     0.414     0.277     0.125
    0.0443    0.0124    0.0126    0.0151    0.0150    0.0183    0.0207    0.0229
    0.0240    0.0248    0.0225    0.0220    0.0207    0.0247    0.0301    0.0311
    0.0288    0.0263    0.0251    0.0260    0.0273    0.0293    0.0286    0.0300
    0.0290    0.0306    0.0296    0.0285    0.0256    0.0256    0.0259    0.0284
    0.0292    0.0312    0.0284    0.0286    0.0288    0.0302    0.0291    0.0290
    0.0270    0.0280    0.0272    0.0284    0.0273    0.0273    0.0259    0.0257
    0.0228    0.0215    0.0174    0.0146    0.0115   0.00992   0.00754   0.00394
   0.00263
### Intensity (Intensity)
      3.78      13.2      31.5      48.2      53.6      47.9      29.3      11.7
      2.93     0.925     0.756      1.03      1.37      1.79      2.18      2.50
      1.98      2.04      2.05      1.70      1.72      2.62      3.34      3.12
      2.77      2.62      2.80      2.97      3.16      3.29      3.52      3.47
      3.02      2.94      3.09      2.93      2.75      2.83      2.96      3.22
      3.45      3.50      3.49      3.24      3.36      3.68      3.65      3.54
      3.40      3.53      3.51      3.48      3.40      3.35      3.06      2.78
      2.74      2.56      2.04      1.72      1.31      1.11     0.510     0.166
   -0.0357
### Errors
    0.0552     0.143     0.300     0.447     0.461     0.451     0.289     0.129
    0.0449   0.00909   0.00745   0.00981    0.0124    0.0164    0.0198    0.0246
    0.0189    0.0189    0.0177    0.0154    0.0162    0.0243    0.0284    0.0283
    0.0242    0.0234    0.0240    0.0266    0.0270    0.0294    0.0303    0.0317
    0.0264    0.0262    0.0264    0.0264    0.0239    0.0255    0.0258    0.0291
    0.0298    0.0318    0.0300    0.0290    0.0292    0.0339    0.0318    0.0323
    0.0298    0.0323    0.0306    0.0315    0.0295    0.0305    0.0265    0.0247
    0.0235    0.0236    0.0185    0.0169    0.0133    0.0128   0.00746   0.00310
   0.00235
### Intensity (Intensity)
      2.83      11.7      29.8      45.1      49.8      42.1      27.5      11.8
      2.87     0.803     0.737     0.860      1.50      1.62      1.89      1.82
      1.15      1.51      1.60      1.37      1.58      2.31      2.95      2.76
      2.19      2.27      2.64      2.66      2.85      2.97      3.17      3.19
      2.70      2.57      2.69      2.48      2.28      2.57      2.96      2.98
      2.94      2.94      3.03      2.82      2.90      3.32      3.32      3.22
      3.46      3.67      3.69      3.47      3.15      3.11      2.86      2.48
      2.48      2.39      1.96      1.33     0.629     0.303     0.139    0.0286
   -0.0153
### Errors
    0.0472     0.138     0.297     0.432     0.444     0.405     0.275     0.133
    0.0478   0.00849   0.00717   0.00900    0.0139    0.0156    0.0182    0.0197
    0.0143    0.0153    0.0146    0.0130    0.0153    0.0223    0.0264    0.0264
    0.0207    0.0212    0.0235    0.0247    0.0255    0.0276    0.0285    0.0304
    0.0249    0.0239    0.0241    0.0236    0.0214    0.0242    0.0265    0.0280
    0.0269    0.0280    0.0272    0.0263    0.0269    0.0318    0.0301    0.0299
    0.0311    0.0344    0.0329    0.0325    0.0287    0.0293    0.0258    0.0229
    0.0222    0.0226    0.0189    0.0165    0.0110   0.00697   0.00454   0.00171
   0.00120
