   48   68
### |Q| (\AA!U-1!N)
   0.51907   0.57655   0.65107   0.72553   0.80047   0.87549   0.94980    1.0250
    1.0996    1.1743    1.2449    1.3261    1.4009    1.4745    1.5496    1.6253
    1.7002    1.7749    1.8501    1.9250    1.9999    2.0749    2.1500    2.2251
    2.3000    2.3751    2.4501    2.5250    2.5999    2.6751    2.7501    2.8251
    2.9000    2.9750    3.0501    3.1252    3.2001    3.2751    3.3502    3.4252
    3.5002    3.5751    3.6502    3.7253    3.8002    3.8751    3.9502    3.9937
   0.00000
### E (meV)
  0.014413  0.076081   0.15252   0.22833   0.30344   0.37788   0.45173   0.52489
   0.59745   0.66935   0.75488   0.82543   0.89541   0.97854    1.0472    1.1153
    1.1962    1.2763    1.3557    1.4341    1.4990    1.5632    1.6397    1.7154
    1.7903    1.8645    1.9501    2.0348    2.1067    2.1777    2.2481    2.3179
    2.3984    2.4780    2.5455    2.6235    2.7007    2.7769    2.8523    2.9270
    3.0007    3.0738    3.1562    3.2275    3.2981    3.3778    3.4565    3.5247
    3.5920    3.6682    3.7434    3.8178    3.9003    3.9818    4.0533    4.1240
    4.2025    4.2800    4.3481    4.4237    4.4983    4.5719    4.6527    4.7244
    4.7952    4.8728    4.9493    4.9948   0.00000
### S(Q,omega)
      176.      174.      166.      147.      125.      115.      111.      83.3
      48.7      26.6      17.2      10.6      4.04      2.04      3.28      5.13
      5.13      3.83      4.04      3.50      1.82     0.788     0.462      2.33
      3.75      2.97      2.17     0.157     0.278      1.88      2.70      3.13
      2.06    -0.281     -1.37    -0.774    -0.550     0.211     0.665     0.186
    -0.777     -1.71    -0.960      1.28      2.32      1.85      1.24     0.734
    -0.316    -0.370     0.859      1.50      1.48      1.53      1.12     0.895
     0.949     0.616     0.378     0.782      2.04      2.19      2.73 -1.00e+020
-1.00e+020 -1.00e+020 -1.00e+020 -1.00e+020
### Errors
      45.9      38.5      34.2      32.8      31.9      29.4      26.9      23.5
      20.0      15.5      10.9      7.68      5.51      4.35      4.05      3.72
      3.46      3.39      3.42      3.65      3.92      3.82      3.67      3.58
      3.52      3.36      3.23      3.27      3.23      3.02      2.84      2.80
      2.93      3.19      3.28      3.25      3.21      2.87      2.55      2.51
      2.65      2.65      2.69      2.81      2.72      2.89      3.34      3.39
      3.26      3.24      3.12      2.91      2.73      2.80      2.84      2.63
      2.48      2.49      2.45      2.56      2.94      3.61      4.31     -1.00
     -1.00     -1.00     -1.00     -1.00
### S(Q,omega)
      181.      175.      174.      160.      139.      122.      105.      78.4
      53.8      30.8      16.1      8.65      5.08      3.38      3.96      4.42
      3.62      2.39      2.45      2.03      2.28      2.29      1.92      2.52
      3.62      3.57      2.89      1.82      1.45      1.82      1.96      2.13
      1.57     0.298     0.117     0.766     0.724     0.870     0.835     0.507
    0.0724   -0.0405     0.307      1.25      1.83      1.64      1.05     0.892
     0.587     0.212     0.720      1.20      1.30      1.40      1.34      1.12
      1.06      1.12     0.960     0.541     0.778      1.06     0.901     0.744
     0.547     0.466     0.922      1.95
### Errors
      40.6      34.3      30.5      29.1      28.1      25.6      23.3      20.4
      17.3      13.5      9.50      6.70      4.78      3.77      3.54      3.29
      3.07      3.02      3.04      3.15      3.30      3.20      3.07      3.01
      2.97      2.86      2.77      2.79      2.79      2.70      2.60      2.55
      2.55      2.66      2.70      2.66      2.65      2.50      2.36      2.30
      2.33      2.30      2.31      2.38      2.31      2.37      2.58      2.65
      2.54      2.49      2.44      2.34      2.26      2.30      2.31      2.22
      2.15      2.17      2.15      2.19      2.39      2.71      2.87      2.49
      1.98      2.09      3.31      4.95
### S(Q,omega)
      163.      153.      144.      140.      124.      103.      80.3      62.7
      46.2      27.1      12.6      6.91      4.78      3.32      4.09      4.43
      3.91      2.81      1.83      1.50      2.56      3.46      2.85      2.65
      3.65      3.31      2.80      2.45      1.76      1.87      2.06      2.25
      1.78      1.61      1.76      1.96      1.77      1.82      1.79      1.27
      1.65      1.71      1.47      1.64      1.87      1.62      1.68      1.63
      1.27      1.18      1.55      1.82      1.90      1.50      1.67      1.66
      1.53      1.25      1.31     0.877     0.750     0.736     0.543     0.507
     0.846      1.18      1.25     0.855
### Errors
      35.2      29.7      26.4      25.1      24.2      22.3      20.4      17.9
      15.2      11.8      8.41      5.96      4.25      3.37      3.22      2.99
      2.78      2.71      2.70      2.77      2.85      2.73      2.61      2.59
      2.57      2.49      2.39      2.42      2.44      2.43      2.43      2.38
      2.29      2.28      2.25      2.19      2.20      2.20      2.16      2.14
      2.15      2.06      2.03      2.07      1.99      1.97      2.02      2.05
      1.98      1.92      1.93      1.91      1.87      1.90      1.92      1.88
      1.85      1.87      1.85      1.82      1.85      1.88      1.91      1.90
      1.82      1.97      2.92      4.02
### S(Q,omega)
      125.      114.      106.      101.      88.4      72.0      54.5      39.6
      31.3      19.2      8.71      4.72      3.39      2.62      2.74      3.88
      4.28      4.55      3.08      2.65      3.14      3.29      2.65      2.42
      2.79      2.85      2.54      2.26      1.86      2.16      2.69      2.85
      2.73      2.48      2.15      2.20      2.29      2.30      2.17      2.39
      2.23      2.13      1.85      1.92      2.07      1.85      2.18      2.08
      1.85      2.10      2.18      2.29      2.33      1.83      1.68      2.35
      2.10      1.41      1.07     0.896     0.874     0.993     0.777     0.665
     0.870      1.24      1.42     0.970
### Errors
      31.5      26.6      23.3      22.2      21.8      20.6      19.2      16.9
      14.4      11.2      7.95      5.68      4.07      3.26      3.15      2.92
      2.70      2.61      2.60      2.66      2.72      2.58      2.44      2.38
      2.35      2.27      2.18      2.22      2.26      2.26      2.28      2.25
      2.17      2.16      2.12      2.05      2.07      2.05      2.05      2.06
      2.07      1.99      1.97      1.98      1.88      1.81      1.86      1.91
      1.86      1.83      1.86      1.82      1.78      1.79      1.81      1.77
      1.73      1.77      1.75      1.68      1.67      1.67      1.70      1.74
      1.70      1.81      2.49      3.32
### S(Q,omega)
      90.4      81.6      80.6      77.7      67.9      59.0      48.4      30.9
      20.6      11.7      5.38      3.44      2.49      2.12      1.89      2.69
      4.24      4.45      3.36      2.86      3.68      3.10      2.21      2.25
      2.68      2.73      2.81      2.49      2.59      2.90      3.06      3.33
      2.70      2.03      1.64      2.11      3.10      3.01      2.83      2.97
      2.44      1.87      1.75      2.02      1.90      1.80      2.18      2.28
      2.41      2.51      2.54      2.73      2.50      1.90      1.95      2.51
      2.10      1.21     0.712     0.766     0.694      1.19      1.30      1.04
     0.915      1.16      1.52      1.75
### Errors
      29.6      25.1      22.4      21.5      21.1      19.9      18.5      16.3
      13.9      10.8      7.66      5.46      3.92      3.12      3.00      2.81
      2.59      2.50      2.48      2.55      2.61      2.48      2.34      2.28
      2.22      2.14      2.06      2.11      2.14      2.13      2.14      2.12
      2.07      2.07      2.06      2.01      2.01      1.99      2.00      2.00
      2.00      1.93      1.90      1.92      1.83      1.75      1.78      1.87
      1.87      1.87      1.84      1.79      1.74      1.77      1.77      1.72
      1.72      1.76      1.74      1.66      1.65      1.65      1.68      1.72
      1.67      1.78      2.47      3.30
### S(Q,omega)
      73.9      66.4      64.9      66.2      58.3      51.9      44.6      31.0
      19.4      9.19      3.67      1.96      2.26      3.30      3.69      3.16
      2.93      3.05      3.05      3.22      4.25      3.50      2.06      2.56
      3.27      2.84      2.84      2.77      3.05      2.98      2.88      2.63
      2.31      1.83      1.71      2.58      3.51      3.77      3.70      3.66
      2.85      2.31      2.20      1.87      1.35      1.49      1.98      2.44
      2.59      2.52      2.81      3.21      2.89      2.02      2.15      2.61
      2.05      1.18     0.882     0.880     0.836      1.33      1.77      1.73
      1.45      1.37      1.64      1.77
### Errors
      29.2      24.8      22.4      21.6      21.1      19.6      18.0      15.8
      13.5      10.5      7.39      5.27      3.76      2.98      2.85      2.68
      2.49      2.40      2.38      2.47      2.55      2.43      2.30      2.24
      2.20      2.11      2.03      2.08      2.12      2.12      2.12      2.08
      2.03      2.05      2.05      1.99      1.98      1.96      1.98      1.93
      1.91      1.83      1.84      1.89      1.84      1.75      1.78      1.86
      1.86      1.83      1.80      1.77      1.73      1.74      1.75      1.74
      1.73      1.76      1.74      1.69      1.68      1.65      1.67      1.72
      1.69      1.80      2.51      3.41
### S(Q,omega)
      59.7      59.5      57.0      60.6      58.0      50.8      42.1      26.8
      12.6      4.53      2.06      1.79      2.99      4.74      5.39      3.39
      2.45      2.91      3.56      3.82      4.20      3.47      2.27      2.62
      3.37      2.81      2.48      2.74      2.66      2.67      2.84      2.04
      1.95      2.18      2.67      3.02      3.69      4.00      4.14      3.78
      2.99      2.78      2.52      1.90      1.29      1.58      2.16      2.50
      2.70      2.50      2.53      3.20      3.11      2.27      2.31      2.62
      2.17      1.57      1.02      1.12      1.31      1.31      1.78      2.43
      2.21      1.63      1.36      1.15
### Errors
      28.8      24.4      21.9      21.0      20.5      19.0      17.4      15.2
      12.9      10.0      7.03      4.98      3.59      2.87      2.74      2.60
      2.46      2.42      2.41      2.51      2.61      2.47      2.33      2.25
      2.22      2.15      2.06      2.09      2.16      2.17      2.14      2.05
      1.96      1.99      1.99      1.94      1.93      1.92      1.93      1.88
      1.86      1.80      1.85      1.95      1.89      1.80      1.83      1.90
      1.82      1.76      1.77      1.77      1.73      1.76      1.80      1.79
      1.74      1.76      1.77      1.74      1.73      1.68      1.68      1.73
      1.72      1.81      2.44      3.24
### S(Q,omega)
      57.3      56.5      54.5      56.2      57.1      49.4      37.3      19.6
      5.73      1.01      1.81      2.51      3.34      4.85      4.75      2.86
      2.47      3.11      3.47      3.45      3.27      3.06      2.44      2.60
      3.10      2.94      2.77      2.67      2.34      2.57      3.19      2.68
      2.11      2.45      3.29      3.57      3.90      4.39      4.50      3.79
      3.04      2.66      2.52      2.28      1.85      2.14      2.79      3.06
      2.80      2.36      2.15      2.78      3.10      2.77      2.48      2.52
      2.33      1.60      1.29      1.70      1.79      1.69      2.18      2.81
      2.86      2.31      1.27     0.769
### Errors
      28.5      24.1      21.5      20.5      20.0      18.7      17.4      15.3
      13.0      9.99      6.91      4.84      3.49      2.81      2.69      2.56
      2.43      2.40      2.42      2.51      2.57      2.42      2.27      2.21
      2.18      2.11      2.05      2.09      2.14      2.14      2.11      2.02
      1.93      1.98      1.98      1.93      1.93      1.91      1.93      1.91
      1.88      1.84      1.89      2.00      1.93      1.83      1.85      1.90
      1.81      1.75      1.77      1.76      1.74      1.79      1.82      1.79
      1.73      1.78      1.80      1.75      1.75      1.71      1.72      1.75
      1.72      1.79      2.33      3.02
### S(Q,omega)
      58.6      51.4      45.4      42.4      40.9      39.2      30.2      16.6
      4.90      3.30      3.91      2.96      3.01      3.83      3.83      3.09
      3.53      4.16      3.67      3.51      3.72      3.38      3.19      3.14
      3.12      3.43      3.36      3.25      2.69      2.80      3.49      3.27
      2.51      2.45      3.07      3.63      3.98      4.53      4.55      3.85
      3.12      2.77      2.49      2.11      2.46      2.63      3.24      3.18
      2.79      2.35      2.45      2.97      3.23      3.25      2.83      2.56
      2.41      2.15      2.06      2.32      1.91      1.80      2.23      2.63
      3.11      2.93      1.56     0.543
### Errors
      29.2      24.6      21.6      20.5      20.0      18.7      17.4      15.4
      13.1      10.0      6.92      4.82      3.47      2.80      2.69      2.54
      2.40      2.34      2.35      2.45      2.55      2.40      2.26      2.21
      2.18      2.12      2.05      2.09      2.13      2.13      2.10      2.03
      1.97      2.02      2.03      1.97      1.98      1.95      1.95      1.95
      1.93      1.87      1.90      1.96      1.89      1.83      1.87      1.92
      1.86      1.79      1.79      1.78      1.76      1.82      1.84      1.78
      1.74      1.78      1.78      1.75      1.77      1.74      1.75      1.79
      1.76      1.82      2.35      3.04
### S(Q,omega)
      47.0      41.1      33.7      29.2      24.1      23.7      26.8      20.1
      11.4      6.67      4.14      2.48      2.29      2.86      3.58      3.96
      4.57      5.15      4.38      3.76      3.71      4.07      3.86      3.57
      3.41      3.70      3.52      3.68      3.50      3.50      3.87      3.51
      2.71      2.46      2.85      3.02      3.72      4.32      4.27      3.55
      3.14      2.86      2.36      2.39      2.74      2.88      2.86      3.01
      3.05      2.67      2.78      3.17      2.95      2.89      2.90      2.67
      2.50      2.68      2.71      2.47      2.14      2.08      2.16      2.43
      3.01      3.11      1.98     0.819
### Errors
      30.0      25.3      22.2      21.0      20.3      18.9      17.4      15.3
      13.0      10.1      7.10      4.98      3.57      2.91      2.81      2.64
      2.48      2.43      2.43      2.52      2.61      2.50      2.37      2.33
      2.30      2.22      2.14      2.16      2.21      2.22      2.18      2.11
      2.05      2.10      2.10      2.03      2.02      2.00      2.02      2.01
      2.01      1.93      1.95      2.02      1.97      1.92      1.98      2.06
      2.01      1.93      1.89      1.88      1.87      1.91      1.95      1.90
      1.85      1.88      1.89      1.87      1.87      1.84      1.85      1.89
      1.86      1.94      2.51      3.24
### S(Q,omega)
      24.8      32.6      31.8      32.3      24.7      21.5      21.9      19.5
      18.1      10.3      2.56      1.10      1.39      1.68      2.86      4.03
      4.52      5.27      4.55      3.71      3.91      4.10      4.00      3.49
      3.27      3.28      3.18      4.06      4.49      4.52      4.24      3.07
      2.15      2.59      3.03      2.98      3.29      3.62      3.55      3.23
      2.48      2.39      2.61      2.62      2.81      2.74      2.59      2.72
      3.07      2.93      2.45      2.40      2.57      2.58      2.84      2.90
      3.22      3.23      3.40      2.64      2.07      2.29      3.08      3.19
      3.17      3.03      2.81      3.29
### Errors
      33.9      28.9      25.6      24.1      23.2      21.6      19.8      17.3
      14.7      11.5      8.18      5.78      4.15      3.37      3.24      3.03
      2.81      2.75      2.78      2.91      2.99      2.85      2.72      2.69
      2.67      2.60      2.53      2.58      2.63      2.63      2.57      2.45
      2.36      2.41      2.41      2.33      2.31      2.30      2.30      2.31
      2.32      2.24      2.26      2.34      2.29      2.26      2.33      2.40
      2.35      2.24      2.19      2.18      2.18      2.22      2.25      2.22
      2.20      2.24      2.28      2.27      2.24      2.17      2.14      2.16
      2.12      2.19      2.85      3.71
### S(Q,omega)
      14.3      26.2      40.4      45.0      38.2      22.3      12.7      12.7
      17.7      7.93     0.322     0.121      1.47      1.65      2.68      4.25
      4.75      5.35      5.17      4.94      4.91      4.44      4.03      3.87
      3.59      3.19      3.20      4.03      4.87      5.19      4.89      3.18
      2.01      2.51      3.37      3.25      3.29      3.52      3.55      3.22
      2.65      2.73      3.07      3.35      3.04      2.75      2.71      2.54
      2.66      2.62      2.07      1.67      2.63      3.66      3.17      3.25
      3.91      4.02      3.40      2.74      2.05      2.36      3.76      3.82
      3.60      3.25      3.90      5.66
### Errors
      41.1      34.6      30.9      29.1      28.2      26.3      24.2      21.0
      17.6      13.7      9.83      6.94      4.92      3.97      3.84      3.57
      3.29      3.22      3.28      3.44      3.50      3.28      3.10      3.07
      3.05      3.02      2.97      3.07      3.11      3.10      3.04      2.88
      2.78      2.87      2.90      2.80      2.75      2.73      2.73      2.69
      2.70      2.63      2.63      2.70      2.67      2.64      2.71      2.80
      2.73      2.60      2.55      2.55      2.55      2.61      2.62      2.61
      2.59      2.64      2.67      2.63      2.65      2.59      2.57      2.56
      2.48      2.53      3.25      4.23
### S(Q,omega)
      37.0      30.8      37.5      44.8      38.3      16.1      5.06      11.0
      15.6      6.79      1.01      3.05      4.95      4.29      3.85      4.64
      4.99      6.40      6.91      6.64      5.63      4.93      4.75      4.97
      4.50      3.74      3.47      3.57      4.04      4.96      5.09      4.34
      3.61      3.51      3.89      3.56      3.45      3.90      3.82      3.10
      3.36      3.77      3.71      3.76      3.56      3.14      3.03      2.84
      3.30      3.52      2.58      2.07      2.62      4.29      4.30      3.70
      3.85      3.66      3.14      2.86      2.10      2.07      3.42      3.82
      3.39      3.21      3.71      5.15
### Errors
      44.2      37.1      32.9      31.9      31.3      29.2      26.9      23.3
      19.5      15.1      10.6      7.47      5.25      4.13      3.96      3.76
      3.55      3.50      3.58      3.77      3.82      3.58      3.37      3.28
      3.23      3.18      3.08      3.14      3.18      3.16      3.12      3.02
      3.02      3.17      3.18      3.09      3.07      3.00      2.97      2.89
      2.88      2.82      2.82      2.87      2.82      2.77      2.88      3.00
      2.90      2.77      2.75      2.74      2.71      2.78      2.83      2.82
      2.78      2.81      2.82      2.76      2.77      2.76      2.77      2.81
      2.70      2.78      3.53      4.50
### S(Q,omega)
      54.1      42.4      36.6      42.4      34.5      11.0      2.14      11.1
      13.4      8.07      3.44      6.16      7.05      5.73      5.16      6.06
      6.13      7.71      8.57      7.54      5.71      5.63      5.74      5.61
      5.69      4.21      3.67      3.38      4.05      5.14      4.99      4.46
      4.34      4.50      4.42      3.95      3.40      4.17      4.00      3.35
      3.32      3.63      3.70      3.94      4.27      3.90      3.39      2.94
      3.41      4.21      4.15      3.18      3.21      4.08      4.35      3.61
      3.60      3.12      3.03      3.35      2.89      2.59      3.22      3.91
      4.01      3.45      2.63      3.13
### Errors
      45.3      38.0      33.7      32.7      31.9      29.5      26.9      23.5
      20.2      15.7      11.0      7.69      5.41      4.25      4.04      3.79
      3.57      3.53      3.57      3.77      3.98      3.75      3.51      3.41
      3.36      3.26      3.10      3.10      3.13      3.10      3.05      2.96
      2.98      3.15      3.17      3.13      3.19      3.15      3.10      2.99
      2.95      2.88      2.90      2.95      2.86      2.81      2.91      3.04
      2.94      2.81      2.79      2.75      2.71      2.80      2.88      2.87
      2.82      2.88      2.89      2.80      2.80      2.76      2.81      2.87
      2.80      2.89      3.74      4.79
### S(Q,omega)
      47.8      42.0      45.7      45.1      31.4      14.9      11.5      14.1
      12.0      9.33      6.08      5.08      6.10      6.10      6.06      8.18
      8.34      8.15      8.85      8.21      7.55      6.97      6.14      6.35
      5.95      5.42      4.67      3.94      4.72      5.15      4.70      4.54
      4.28      5.05      5.46      4.40      4.18      4.72      4.41      4.09
      4.27      3.96      3.90      4.38      4.63      4.09      3.52      3.62
      4.03      4.86      5.15      4.35      3.47      3.44      3.65      3.33
      3.68      3.76      3.75      4.10      3.64      3.22      3.17      3.67
      4.13      4.22      3.07      2.32
### Errors
      45.4      38.7      35.1      33.7      32.8      30.1      27.4      24.1
      20.6      15.9      10.9      7.64      5.49      4.39      4.19      3.88
      3.67      3.61      3.58      3.74      3.89      3.68      3.48      3.44
      3.46      3.39      3.20      3.20      3.22      3.16      3.09      2.97
      2.94      3.08      3.13      3.07      3.12      3.14      3.17      3.10
      3.02      2.91      2.93      2.99      2.87      2.82      2.91      3.03
      2.96      2.86      2.82      2.75      2.72      2.81      2.83      2.79
      2.77      2.84      2.85      2.80      2.78      2.74      2.76      2.83
      2.79      2.94      3.87      5.03
### S(Q,omega)
      23.0      28.7      39.7      46.2      35.2      27.0      29.9      28.6
      18.9      11.9      8.06      6.03      7.11      7.98      8.67      10.0
      10.7      9.65      8.61      8.71      9.90      8.98      7.30      6.36
      6.22      6.31      5.77      5.30      6.26      5.82      4.95      4.89
      5.06      5.62      6.07      5.64      5.47      5.52      5.52      5.36
      5.57      5.07      4.23      4.87      4.87      3.94      3.79      4.67
      5.32      5.35      5.42      4.82      3.52      2.89      2.43      3.09
      3.77      4.16      3.89      4.10      3.94      3.36      3.16      3.67
      3.87      4.32      3.53      2.39
### Errors
      46.1      39.2      35.1      33.3      32.3      30.3      28.1      24.8
      21.1      16.0      11.0      7.54      5.36      4.27      4.05      3.89
      3.79      3.73      3.71      3.83      3.91      3.63      3.41      3.42
      3.40      3.33      3.26      3.35      3.40      3.32      3.19      3.04
      2.95      3.07      3.09      3.05      3.11      3.10      3.13      3.13
      3.05      2.90      2.90      2.95      2.85      2.80      2.90      3.01
      2.96      2.93      2.92      2.80      2.69      2.71      2.71      2.71
      2.73      2.80      2.81      2.80      2.85      2.81      2.80      2.85
      2.84      3.01      3.95      5.20
### S(Q,omega)
      15.1      13.1      26.8      38.2      32.7      30.0      34.2      31.7
      21.8      13.9      11.7      10.4      10.0      10.5      11.1      12.0
      12.3      11.1      9.58      9.68      9.82      9.83      7.63      6.81
      7.60      7.38      7.12      7.58      7.30      6.84      5.90      6.20
      5.98      6.13      6.76      6.92      6.41      5.55      6.28      6.35
      5.98      5.25      5.20      5.03      4.59      4.45      4.97      5.87
      5.84      4.76      5.55      5.27      4.53      3.43      2.66      3.27
      4.12      4.22      3.73      3.54      3.87      3.63      3.71      3.85
      3.79      3.85      3.18      2.21
### Errors
      46.6      39.3      35.0      33.0      31.8      29.6      27.2      23.8
      20.2      15.7      10.9      7.53      5.32      4.19      3.97      3.85
      3.71      3.70      3.81      3.99      4.04      3.72      3.48      3.45
      3.40      3.29      3.21      3.34      3.47      3.46      3.35      3.19
      3.05      3.12      3.13      3.09      3.12      3.08      3.08      3.07
      3.04      2.89      2.87      2.91      2.87      2.82      2.90      3.02
      2.99      2.97      2.97      2.82      2.63      2.58      2.66      2.75
      2.82      2.90      2.90      2.87      2.89      2.85      2.82      2.85
      2.84      3.01      3.91      5.05
### S(Q,omega)
      28.8      24.6      27.3      33.0      31.4      34.3      36.5      27.6
      17.3      15.9      16.2      14.4      13.2      13.5      13.4      13.8
      14.1      12.6      10.7      9.14      9.32      9.51      7.47      7.29
      9.32      8.98      8.03      8.15      8.00      7.49      7.77      7.71
      6.07      6.01      8.17      7.70      6.49      6.12      6.42      6.39
      6.10      5.25      5.30      5.00      4.73      5.06      5.12      5.44
      5.27      4.87      5.45      5.68      4.96      3.97      3.40      4.00
      4.66      4.54      3.73      3.56      3.39      3.40      3.38      3.46
      3.35      3.52      2.72      1.12
### Errors
      45.0      38.0      33.9      32.8      32.1      29.5      26.7      23.0
      19.2      14.8      10.4      7.37      5.38      4.31      4.09      3.92
      3.71      3.64      3.70      3.87      4.01      3.78      3.56      3.48
      3.39      3.26      3.15      3.26      3.37      3.40      3.42      3.30
      3.14      3.22      3.20      3.09      3.11      3.06      3.03      2.99
      3.00      2.91      2.90      2.97      2.92      2.86      2.94      3.07
      3.01      2.95      2.92      2.80      2.67      2.67      2.77      2.85
      2.88      2.97      2.93      2.87      2.84      2.77      2.73      2.75
      2.76      2.97      3.87      5.04
### S(Q,omega)
      80.2      58.1      55.6      53.1      45.9      49.2      47.3      38.2
      32.2      26.3      20.7      18.2      18.3      19.0      17.4      16.9
      16.1      14.3      12.4      10.4      10.8      10.2      8.75      9.07
      10.5      10.7      9.34      8.50      7.71      7.73      8.79      8.24
      6.80      7.06      8.58      8.71      7.26      6.35      6.23      6.45
      6.04      5.65      5.50      5.11      5.36      5.14      4.56      4.82
      5.42      5.38      5.69      5.26      5.29      5.18      4.60      4.46
      4.96      5.07      4.36      3.19      3.54      3.44      2.86      2.53
      2.47      3.20      2.25    -0.747
### Errors
      43.5      36.7      32.6      31.3      30.5      28.5      26.5      22.9
      19.0      14.5      10.0      7.09      5.24      4.35      4.25      4.07
      3.81      3.65      3.58      3.70      3.82      3.68      3.53      3.47
      3.38      3.24      3.15      3.21      3.28      3.29      3.31      3.28
      3.16      3.25      3.19      3.09      3.10      3.05      3.02      2.97
      2.99      2.94      2.95      3.07      2.98      2.93      3.02      3.12
      3.04      2.93      2.89      2.88      2.85      2.89      2.94      2.95
      2.93      2.97      2.92      2.83      2.80      2.72      2.69      2.74
      2.79      3.02      3.98      5.18
### S(Q,omega)
      111.      93.7      82.8      73.4      69.4      71.1      68.5      58.2
      52.3      39.4      26.3      22.6      23.2      23.4      21.6      19.6
      18.9      17.6      15.0      13.1      12.7      12.3      11.6      11.9
      12.2      11.6      10.7      10.6      9.02      9.12      9.78      8.83
      7.86      8.12      9.30      9.55      8.60      7.55      6.82      6.31
      6.11      6.24      6.78      6.24      5.83      5.22      4.47      4.66
      5.92      6.32      5.46      4.79      5.37      6.28      5.10      4.51
      5.11      5.59      4.51      3.85      4.62      5.18      3.67      2.15
      2.19      3.01      1.61     -2.03
### Errors
      43.0      36.2      31.9      30.2      29.0      27.0      25.0      22.2
      19.1      14.7      10.2      7.14      5.23      4.40      4.36      4.20
      4.00      3.81      3.66      3.72      3.82      3.68      3.53      3.53
      3.51      3.37      3.25      3.29      3.29      3.29      3.28      3.19
      3.13      3.20      3.17      3.09      3.13      3.09      3.07      3.01
      2.98      2.94      3.01      3.12      3.03      2.93      3.01      3.11
      3.02      2.90      2.92      2.93      2.91      2.95      2.95      2.94
      2.91      2.92      2.86      2.81      2.83      2.79      2.77      2.81
      2.78      2.97      3.97      5.20
### S(Q,omega)
      128.      124.      105.      87.0      88.1      96.2      91.1      74.8
      61.8      46.7      31.5      25.5      24.9      23.8      21.3      20.7
      21.3      20.2      17.5      15.4      14.2      13.4      13.0      13.3
      12.8      11.2      11.6      11.9      11.2      11.3      11.7      10.6
      8.71      8.52      9.50      9.68      9.26      8.21      7.39      6.19
      6.20      7.52      7.57      6.31      5.59      6.10      5.91      6.44
      7.14      7.26      5.60      4.09      5.56      6.61      4.98      3.82
      4.72      5.30      4.87      4.96      5.82      6.18      4.59      3.02
      2.82      3.33      2.23    0.0741
### Errors
      41.6      35.2      31.6      30.3      29.1      26.6      24.2      21.2
      18.3      14.3      10.2      7.25      5.35      4.46      4.37      4.17
      3.99      3.92      3.78      3.79      3.88      3.69      3.51      3.53
      3.56      3.43      3.29      3.32      3.33      3.32      3.31      3.18
      3.08      3.15      3.17      3.13      3.18      3.12      3.08      3.04
      3.00      2.96      3.04      3.17      3.07      2.92      2.93      3.01
      2.97      2.94      2.94      2.90      2.86      2.90      2.90      2.87
      2.87      2.93      2.90      2.86      2.91      2.85      2.87      2.88
      2.83      3.00      3.95      5.12
### S(Q,omega)
      142.      138.      120.      107.      106.      109.      99.7      83.7
      67.0      48.0      33.9      25.9      24.5      23.0      20.8      21.5
      22.0      20.9      19.3      18.1      16.4      15.2      14.4      13.1
      12.4      12.0      11.3      11.4      12.0      12.6      12.7      11.9
      10.5      9.88      10.1      9.93      9.21      8.79      8.80      8.12
      7.28      7.46      7.20      6.04      6.17      6.44      6.69      7.14
      7.97      7.84      6.20      5.13      5.67      6.03      4.95      4.27
      4.27      4.80      4.76      5.27      5.83      5.53      4.42      3.75
      4.18      3.93      3.45      2.22
### Errors
      39.6      33.6      30.1      29.1      28.8      26.5      23.8      20.5
      17.2      13.4      9.62      7.15      5.39      4.50      4.36      4.12
      3.92      3.86      3.79      3.83      3.95      3.74      3.52      3.50
      3.50      3.38      3.25      3.33      3.41      3.42      3.36      3.23
      3.12      3.20      3.23      3.19      3.22      3.15      3.12      3.09
      3.12      3.06      3.12      3.21      3.09      2.93      2.93      3.03
      3.03      3.01      2.98      2.90      2.81      2.84      2.89      2.91
      2.94      2.98      2.95      2.88      2.88      2.83      2.89      3.00
      2.94      3.08      4.03      5.22
### S(Q,omega)
      122.      125.      122.      116.      114.      108.      96.3      81.1
      65.6      47.8      34.4      27.2      24.1      23.2      23.4      24.0
      23.0      21.8      21.4      20.6      19.1      16.8      15.8      13.8
      13.1      12.8      11.5      10.4      11.2      12.8      12.8      12.5
      12.5      11.9      10.7      10.2      9.34      8.74      8.99      9.19
      8.16      7.81      7.53      7.48      7.73      7.30      6.43      6.90
      7.56      7.28      6.96      6.46      6.02      5.64      5.79      5.99
      5.89      5.10      4.17      4.30      5.14      5.05      4.46      4.30
      4.39      3.93      3.16      2.80
### Errors
      38.7      32.5      28.5      27.2      26.8      25.3      23.5      20.0
      16.6      12.7      9.03      6.73      5.26      4.49      4.40      4.16
      3.92      3.86      3.81      3.90      4.03      3.80      3.56      3.54
      3.53      3.39      3.25      3.36      3.49      3.51      3.42      3.29
      3.21      3.29      3.32      3.22      3.20      3.15      3.14      3.14
      3.18      3.12      3.14      3.19      3.03      2.92      3.04      3.17
      3.11      3.00      2.96      2.90      2.84      2.90      2.97      2.94
      2.92      2.97      2.96      2.90      2.90      2.87      2.90      3.02
      2.95      3.05      4.04      5.32
### S(Q,omega)
      108.      104.      105.      109.      102.      95.8      85.9      70.9
      58.0      44.4      32.5      25.1      22.5      21.9      21.9      22.8
      22.4      21.3      21.2      21.6      20.6      18.9      17.2      15.2
      14.3      14.6      13.0      11.3      11.3      12.8      13.1      12.6
      12.6      11.9      11.7      10.8      10.8      9.96      9.37      9.53
      9.62      9.61      8.63      7.67      8.02      8.13      7.18      7.56
      7.75      7.52      7.18      7.29      7.33      6.93      7.01      7.39
      7.07      6.00      4.33      3.93      4.69      5.15      4.42      3.95
      3.61      3.57      3.41      3.07
### Errors
      38.6      32.0      27.4      25.7      25.0      23.5      21.9      19.2
      15.9      12.1      8.51      6.28      4.95      4.40      4.33      4.11
      3.89      3.81      3.82      3.93      4.04      3.82      3.59      3.59
      3.61      3.45      3.29      3.39      3.53      3.54      3.43      3.28
      3.23      3.35      3.33      3.22      3.20      3.16      3.20      3.18
      3.20      3.11      3.10      3.14      3.03      2.99      3.14      3.26
      3.15      3.02      3.00      3.01      2.97      3.03      3.07      3.01
      2.90      2.97      3.03      2.97      2.99      2.89      2.86      2.94
      2.91      3.03      4.09      5.42
### S(Q,omega)
      94.6      94.8      98.5      96.4      87.9      78.4      71.4      57.6
      46.6      36.8      26.9      20.0      18.3      18.5      18.5      19.0
      20.0      20.6      20.5      21.3      22.3      20.5      19.4      18.4
      16.8      17.2      16.7      14.8      14.4      14.1      14.6      13.6
      12.8      12.2      12.4      12.2      11.7      11.7      11.3      11.1
      11.4      11.3      9.46      8.08      8.64      8.24      7.51      8.07
      8.79      8.54      7.74      7.58      7.74      7.35      6.85      6.67
      7.27      6.94      5.56      4.80      4.66      4.36      4.16      3.69
      3.39      3.83      3.76      2.26
### Errors
      36.3      30.5      26.6      24.9      23.8      22.2      20.5      18.0
      15.2      11.6      8.13      6.01      4.74      4.27      4.24      4.01
      3.78      3.73      3.76      3.94      4.11      3.91      3.72      3.70
      3.67      3.53      3.41      3.53      3.64      3.61      3.51      3.31
      3.25      3.36      3.34      3.24      3.22      3.22      3.27      3.24
      3.22      3.12      3.10      3.20      3.14      3.08      3.16      3.25
      3.14      3.08      3.08      3.05      3.00      3.06      3.11      3.07
      2.97      2.99      3.03      2.97      2.93      2.85      2.84      2.91
      2.90      3.05      4.15      5.58
### S(Q,omega)
      86.6      93.8      101.      96.2      83.3      66.3      54.9      44.3
      36.3      27.1      18.3      14.0      14.2      15.8      16.7      17.1
      18.7      19.9      20.2      20.2      20.8      20.2      19.5      18.4
      17.4      17.0      17.4      18.5      17.0      15.5      15.1      14.3
      13.8      13.9      14.0      13.0      11.9      12.3      12.6      12.8
      12.6      11.7      10.3      9.45      9.36      8.53      7.54      7.84
      8.97      9.15      8.43      8.53      8.03      7.07      6.52      7.15
      7.64      7.26      6.12      5.35      5.05      4.68      4.12      3.98
      3.27      3.73      3.16      1.79
### Errors
      34.8      29.5      26.3      24.7      23.6      21.9      20.1      17.6
      15.0      11.4      7.97      5.87      4.64      4.21      4.24      3.99
      3.77      3.71      3.70      3.87      4.08      3.94      3.78      3.72
      3.66      3.55      3.47      3.63      3.70      3.62      3.52      3.40
      3.29      3.37      3.37      3.25      3.25      3.27      3.29      3.23
      3.21      3.10      3.15      3.24      3.16      3.07      3.13      3.22
      3.16      3.06      3.03      2.98      2.96      3.09      3.16      3.10
      3.00      3.02      3.04      2.98      2.94      2.86      2.86      2.94
      2.94      3.08      4.14      5.53
### S(Q,omega)
      88.2      81.9      82.8      84.0      70.1      50.5      39.7      34.8
      30.5      19.8      10.9      7.88      9.32      11.9      13.8      14.4
      15.9      16.8      17.0      16.8      17.4      17.4      16.6      15.6
      15.1      14.6      16.2      18.4      18.0      15.9      15.1      15.6
      15.6      15.7      15.9      14.4      13.1      13.6      14.0      14.3
      13.9      12.8      12.0      11.9      11.7      9.95      7.63      7.73
      8.86      9.68      9.53      9.95      9.70      7.65      7.00      8.23
      8.14      7.39      6.49      6.27      6.22      5.78      5.15      4.83
      4.24      3.77      3.24      2.70
### Errors
      34.3      28.9      25.8      24.5      23.4      21.7      19.8      17.3
      14.6      11.2      7.84      5.74      4.51      4.06      4.09      3.88
      3.70      3.62      3.58      3.77      3.99      3.84      3.66      3.60
      3.55      3.48      3.43      3.56      3.62      3.55      3.54      3.48
      3.36      3.40      3.40      3.33      3.34      3.30      3.28      3.21
      3.21      3.15      3.18      3.24      3.11      3.02      3.11      3.21
      3.13      3.03      3.00      3.00      2.98      3.03      3.08      3.04
      3.00      3.04      3.03      2.94      2.95      2.91      2.90      2.93
      2.87      3.03      4.11      5.44
### S(Q,omega)
      76.2      69.5      64.5      65.0      56.2      39.1      30.1      27.0
      21.2      10.5      5.02      4.43      6.03      7.66      9.62      10.9
      11.9      12.8      12.7      13.1      13.5      14.5      15.3      14.4
      13.2      13.4      14.5      15.1      15.1      14.2      14.3      15.1
      15.6      15.9      15.3      15.0      14.0      13.4      14.3      15.4
      15.0      13.3      13.0      13.4      13.5      11.8      9.30      9.08
      10.0      10.6      10.8      10.5      10.7      9.15      7.74      8.39
      8.49      8.13      7.72      7.35      7.06      7.44      6.79      6.37
      5.67      5.02      4.67      4.14
### Errors
      33.9      28.5      25.2      24.0      23.2      21.5      19.6      17.0
      14.4      11.2      7.89      5.73      4.43      3.93      3.98      3.77
      3.58      3.51      3.48      3.69      3.90      3.72      3.53      3.46
      3.49      3.43      3.34      3.41      3.47      3.51      3.51      3.42
      3.30      3.35      3.38      3.33      3.34      3.27      3.26      3.24
      3.25      3.12      3.12      3.20      3.12      3.03      3.11      3.21
      3.11      3.05      3.05      2.98      2.90      2.96      3.01      2.98
      2.94      3.01      3.04      2.93      2.91      2.90      2.94      2.98
      2.87      3.01      4.11      5.50
### S(Q,omega)
      48.3      58.1      61.5      60.0      52.6      38.8      30.1      20.4
      8.38      1.16     0.124      2.13      3.23      4.20      6.43      6.96
      7.64      8.55      8.88      9.15      9.76      11.4      13.0      12.9
      11.8      11.6      11.8      11.1      11.0      11.7      12.5      13.0
      13.6      13.9      13.2      13.0      13.0      12.3      13.3      14.7
      14.9      13.3      13.2      14.1      13.8      12.7      11.4      10.2
      11.1      11.5      11.3      11.0      11.2      10.5      9.35      9.17
      9.75      9.24      8.83      8.11      7.73      8.87      8.59      7.22
      6.64      6.51      6.50      6.44
### Errors
      34.7      29.1      25.5      24.2      23.7      22.0      20.0      17.2
      14.5      11.2      7.95      5.73      4.34      3.83      3.88      3.66
      3.44      3.38      3.39      3.55      3.70      3.52      3.35      3.36
      3.39      3.32      3.20      3.29      3.39      3.40      3.38      3.26
      3.19      3.27      3.27      3.20      3.23      3.23      3.25      3.23
      3.22      3.12      3.14      3.25      3.16      3.08      3.21      3.33
      3.17      3.07      3.10      3.07      2.94      2.97      3.06      3.08
      2.99      3.03      3.04      2.98      2.93      2.90      2.96      3.06
      2.95      3.07      4.08      5.34
### S(Q,omega)
      37.7      47.8      56.3      54.3      52.3      42.4      30.1      17.1
      2.74     -3.95     -1.81     0.733      1.26      2.19      3.71      4.59
      4.49      4.79      6.19      7.07      7.79      9.33      10.2      9.74
      9.30      8.99      9.12      8.29      8.85      9.77      10.8      11.3
      12.0      12.1      11.2      10.6      11.0      11.4      12.5      13.0
      13.5      12.8      12.4      12.9      13.4      13.2      11.8      10.4
      10.7      11.5      10.7      10.6      11.7      11.1      9.76      10.0
      9.74      9.07      8.29      8.19      8.64      9.88      9.36      8.17
      7.79      7.80      6.98      5.52
### Errors
      35.7      29.8      26.1      25.1      24.5      22.6      20.4      17.7
      15.0      11.6      8.01      5.66      4.30      3.79      3.80      3.56
      3.36      3.37      3.35      3.46      3.56      3.42      3.33      3.33
      3.32      3.23      3.16      3.25      3.32      3.33      3.33      3.25
      3.15      3.22      3.22      3.15      3.22      3.19      3.20      3.19
      3.23      3.14      3.14      3.25      3.21      3.14      3.22      3.30
      3.19      3.09      3.09      3.08      3.00      3.01      3.09      3.09
      3.04      3.08      3.07      3.01      2.98      2.94      2.99      3.09
      3.03      3.15      4.13      5.41
### S(Q,omega)
      62.2      49.7      46.0      46.3      45.1      42.2      26.3      13.1
    -0.389     -5.73     -2.09     0.538     0.285     0.993      2.46      3.26
      2.52      2.52      4.45      5.92      6.62      7.47      7.99      7.14
      7.03      7.22      7.51      7.29      7.55      8.20      9.81      10.6
      10.4      10.1      9.19      9.28      9.47      10.4      11.8      12.1
      12.5      11.5      11.3      11.9      12.9      13.2      12.0      10.4
      10.9      11.6      10.8      11.2      12.7      12.2      10.7      10.3
      10.2      9.61      8.57      8.85      10.1      10.9      9.74      8.84
      8.67      9.10      7.82      5.86
### Errors
      36.1      30.6      27.6      26.4      25.5      23.3      21.2      18.7
      16.0      12.1      8.20      5.79      4.38      3.82      3.79      3.55
      3.44      3.42      3.40      3.49      3.64      3.49      3.37      3.31
      3.27      3.19      3.08      3.13      3.23      3.30      3.31      3.22
      3.12      3.22      3.24      3.14      3.13      3.10      3.14      3.15
      3.18      3.10      3.12      3.22      3.17      3.15      3.23      3.26
      3.16      3.13      3.14      3.07      3.03      3.09      3.11      3.07
      3.04      3.11      3.12      3.05      3.05      3.00      3.06      3.15
      3.09      3.24      4.34      5.74
### S(Q,omega)
      77.0      58.3      44.7      47.3      51.0      42.2      27.8      8.00
     -1.73     -4.01     -2.84     -1.49     -1.00     0.132      2.10      3.51
      2.30      1.99      3.52      4.67      4.58      5.25      6.36      5.72
      5.42      6.26      6.53      6.15      6.27      7.46      9.11      10.2
      9.41      8.26      7.68      8.24      7.94      8.37      10.1      11.0
      10.6      9.93      10.3      10.8      11.0      11.0      10.8      10.1
      10.4      10.7      10.9      11.7      12.3      12.3      11.1      10.7
      11.1      11.2      10.2      10.1      10.3      10.4      10.2      9.35
      9.42      9.84      9.52      8.67
### Errors
      36.6      31.4      28.6      27.1      25.8      23.8      22.0      19.3
      16.3      12.2      8.31      5.88      4.41      3.79      3.75      3.58
      3.43      3.39      3.39      3.53      3.65      3.49      3.33      3.27
      3.20      3.09      2.99      3.08      3.17      3.21      3.23      3.20
      3.08      3.15      3.17      3.12      3.11      3.03      3.07      3.16
      3.15      3.05      3.11      3.26      3.15      3.09      3.21      3.28
      3.16      3.10      3.12      3.08      3.01      3.08      3.11      3.07
      3.03      3.13      3.14      3.08      3.07      3.03      3.07      3.14
      3.11      3.31      4.47      5.94
### S(Q,omega)
      66.8      57.7      55.4      57.6      53.6      42.2      25.8      8.27
     -3.20     -3.29     -2.08     -1.17     -1.27    -0.710      1.51      2.88
      2.47      2.56      2.67      2.20      2.39      3.30      4.98      5.28
      5.04      5.51      5.36      4.47      5.64      7.35      8.09      8.54
      7.99      6.85      6.36      6.74      5.81      6.11      7.87      9.09
      8.07      7.85      8.82      10.0      9.76      9.13      8.86      8.56
      9.33      9.35      10.1      10.4      10.5      10.8      10.7      10.7
      11.7      11.7      10.9      10.4      10.1      9.85      9.82      9.58
      9.44      9.85      10.7      11.0
### Errors
      37.7      32.0      28.4      26.7      25.8      24.0      22.0      19.0
      15.8      12.2      8.42      5.91      4.42      3.78      3.72      3.53
      3.38      3.37      3.40      3.50      3.59      3.47      3.33      3.22
      3.14      3.05      2.99      3.06      3.10      3.13      3.13      3.08
      3.02      3.09      3.11      3.06      3.08      3.04      3.06      3.13
      3.16      3.04      3.04      3.17      3.11      3.03      3.12      3.26
      3.18      3.08      3.08      3.05      2.98      3.03      3.08      3.03
      3.03      3.14      3.15      3.07      3.06      3.04      3.06      3.12
      3.08      3.29      4.43      5.84
### S(Q,omega)
      53.7      60.9      64.9      62.7      52.8      42.8      30.6      10.6
     -3.94     -5.04     -2.94     -1.43     -1.19     -1.03     0.736      1.85
      2.07      2.64      1.93      1.73      2.52      2.12      3.15      4.62
      5.10      5.37      4.69      3.90      5.79      7.05      6.69      6.41
      5.48      4.84      5.74      5.89      6.14      6.17      6.96      7.70
      8.22      8.16      8.18      8.74      8.83      8.58      8.31      8.38
      8.72      9.20      9.35      9.35      9.45      9.57      10.0      10.5
      10.8      10.5      9.45      10.1      10.1      9.39      9.13      9.03
      9.03      9.94      11.1      11.9
### Errors
      40.2      33.7      29.3      27.9      27.3      25.2      22.6      19.6
      16.7      12.8      8.75      6.06      4.51      3.78      3.62      3.48
      3.36      3.33      3.35      3.51      3.60      3.45      3.27      3.17
      3.12      3.03      2.98      3.09      3.09      3.04      3.04      3.04
      3.01      3.09      3.10      3.01      3.03      3.03      3.08      3.08
      3.11      3.00      2.98      3.07      3.03      2.96      3.07      3.21
      3.15      3.07      3.05      2.99      2.92      2.97      3.03      3.01
      3.00      3.10      3.12      3.03      3.02      2.99      3.03      3.10
      3.07      3.26      4.43      5.92
### S(Q,omega)
      88.7      80.3      71.6      60.3      55.9      49.2      38.7      15.2
     -2.81     -5.87     -3.42     -1.25    -0.878     -1.01   -0.0839      1.22
      2.94      2.73      1.85      3.12      3.25      2.17      2.54      3.81
      4.58      4.88      4.69      3.85      4.57      5.37      4.95      4.31
      3.62      4.14      5.18      5.98      7.17      7.80      7.90      7.90
      8.36      7.55      7.04      7.72      7.56      7.56      8.72      8.82
      7.96      8.34      9.10      8.89      9.20      8.95      9.20      9.65
      9.88      9.93      9.14      9.23      9.71      9.10      8.43      7.97
      9.06      9.66      9.92      9.35
### Errors
      47.9      40.3      34.8      33.0      32.3      29.9      26.5      22.9
      19.7      15.1      10.0      6.65      4.75      3.81      3.64      3.50
      3.36      3.35      3.38      3.51      3.65      3.48      3.25      3.13
      3.09      3.04      2.97      3.07      3.13      3.04      3.00      2.98
      2.97      3.03      3.04      2.96      2.96      2.97      3.02      3.00
      3.01      2.94      2.91      3.00      2.95      2.89      3.01      3.16
      3.08      3.00      2.98      2.92      2.87      2.96      3.03      3.01
      2.96      3.03      3.05      2.98      2.98      2.96      2.97      3.07
      3.02      3.19      4.39      5.87
### S(Q,omega)
      113.      102.      87.0      59.8      49.6      43.2      31.2      14.4
     -2.60     -5.07     -2.52     -2.06    -0.755     -1.03    -0.805     0.650
      2.44      2.27      2.29      3.86      4.14      3.29      2.81      2.58
      3.28      3.47      3.96      4.25      4.31      3.69      3.29      3.19
      3.25      4.19      5.20      5.27      5.74      7.08      7.94      7.92
      7.31      7.01      6.77      7.54      6.52      6.67      8.61      8.38
      6.79      6.91      8.09      8.35      8.18      8.40      8.81      8.64
      8.98      9.26      8.89      7.98      7.99      8.75      8.85      8.10
      8.54      8.80      8.10      6.73
### Errors
      55.0      45.4      39.3      36.6      36.4      33.5      29.5      25.2
      22.1      16.7      10.8      7.01      4.83      3.79      3.60      3.45
      3.31      3.28      3.33      3.47      3.60      3.42      3.20      3.11
      3.07      2.98      2.91      2.99      3.05      3.03      2.96      2.88
      2.85      2.93      2.94      2.88      2.89      2.90      2.94      2.94
      2.97      2.89      2.88      2.97      2.89      2.82      2.93      3.04
      2.97      2.91      2.89      2.84      2.81      2.92      3.01      2.99
      2.91      2.96      2.97      2.93      2.95      2.90      2.91      2.97
      2.92      3.14      4.19      5.50
### S(Q,omega)
      75.0      74.1      71.2      54.3      39.1      33.7      23.5      8.56
     0.699     -1.99     -3.37     -2.54     -1.54    -0.376   -0.0283     0.234
      1.37      1.40      1.96      2.91      3.01      3.31      3.43      2.67
      2.62      2.80      3.56      5.01      4.61      3.72      2.76      2.84
      2.99      4.38      5.10      4.54      4.22      4.99      5.59      5.64
      6.18      6.07      6.48      7.72      6.91      6.20      6.73      6.73
      6.33      5.97      6.14      6.59      7.02      7.43      7.80      7.77
      7.65      7.83      7.84      7.59      7.81      8.92      9.20      8.48
      7.88      7.55      6.82      4.86
### Errors
      46.4      39.0      33.6      31.7      30.8      28.5      25.4      21.9
      18.5      14.2      9.40      6.20      4.41      3.59      3.46      3.29
      3.15      3.14      3.16      3.35      3.57      3.37      3.15      3.11
      3.05      2.92      2.85      2.91      2.98      2.99      2.94      2.84
      2.78      2.88      2.87      2.79      2.81      2.83      2.84      2.86
      2.90      2.81      2.84      2.94      2.83      2.77      2.85      2.92
      2.88      2.82      2.81      2.81      2.78      2.88      2.96      2.92
      2.87      2.92      2.94      2.92      2.92      2.88      2.86      2.89
      2.87      3.05      4.02      5.18
### S(Q,omega)
      52.6      51.7      51.2      46.2      37.7      34.3      22.6      7.95
     0.149     -3.47     -4.52     -4.02     -2.53    -0.361     0.517     0.709
     0.951     0.476     0.991      1.56      1.52      2.43      3.04      2.60
      2.35      2.81      3.44      3.67      3.77      3.59      3.23      2.59
      2.50      3.26      4.26      4.12      3.99      4.10      3.56      3.12
      3.73      4.54      5.86      6.68      6.54      5.42      5.45      6.02
      6.11      5.75      5.35      5.94      6.56      6.53      6.44      7.06
      6.76      6.56      6.75      7.34      7.88      8.50      8.41      8.60
      8.56      7.68      6.55      4.53
### Errors
      37.0      31.1      27.1      25.6      25.0      22.9      20.5      17.7
      14.8      11.2      7.68      5.42      4.00      3.40      3.42      3.20
      3.03      3.00      3.02      3.22      3.42      3.30      3.11      3.04
      3.01      2.87      2.77      2.85      2.91      2.92      2.92      2.83
      2.73      2.82      2.82      2.72      2.74      2.75      2.77      2.78
      2.80      2.73      2.77      2.87      2.78      2.74      2.80      2.90
      2.84      2.74      2.76      2.75      2.75      2.85      2.91      2.87
      2.79      2.86      2.90      2.86      2.88      2.83      2.83      2.87
      2.84      3.01      3.99      5.22
### S(Q,omega)
      56.6      51.4      47.4      41.0      33.9      30.5      23.2      8.98
    -0.315     -4.27     -3.15     -3.47     -2.58    -0.960    -0.114     0.167
    0.0521   0.00883      1.34      1.71      1.15      2.19      2.17      1.38
      1.64      2.34      3.26      3.31      3.08      3.14      2.72      2.17
      2.16      2.46      2.94      4.47      5.06      4.77      3.04      2.23
      3.32      4.39      5.21      5.89      5.92      5.63      5.71      6.33
      6.23      5.14      5.28      6.28      6.90      6.96      7.27      7.54
      7.46      6.49      6.58      7.46      7.64      8.09      7.71      7.98
      8.43      7.42      5.86      4.57
### Errors
      33.6      28.4      25.3      23.6      22.7      21.0      18.7      16.1
      13.4      10.2      6.98      4.97      3.78      3.29      3.29      3.15
      2.97      2.92      2.95      3.14      3.33      3.23      3.07      3.03
      2.99      2.87      2.75      2.80      2.89      2.90      2.91      2.81
      2.71      2.77      2.78      2.70      2.72      2.71      2.72      2.71
      2.70      2.66      2.69      2.75      2.69      2.67      2.76      2.86
      2.80      2.74      2.73      2.71      2.69      2.80      2.89      2.84
      2.76      2.79      2.83      2.80      2.82      2.79      2.79      2.85
      2.81      2.97      4.00      5.31
### S(Q,omega)
      53.3      51.5      48.6      38.4      28.8      22.6      16.4      9.35
      3.67     0.877    -0.249     -1.68     -2.56     -1.85     -1.30     -1.20
     -1.20     0.192     0.788      1.04      1.65      2.29      2.05     0.966
      1.16      2.03      2.96      3.35      2.79      2.18      1.24      1.30
      1.58      2.20      3.14      4.62      5.71      5.22      4.45      3.09
      3.85      4.96      4.96      5.97      6.77      6.83      6.71      6.76
      6.30      5.26      5.88      6.95      7.17      7.78      7.67      7.71
      7.23      6.63      6.94      7.36      7.57      7.84      7.52      7.01
      7.13      6.36      5.54      5.59
### Errors
      32.5      27.4      24.1      22.7      21.6      20.1      18.5      15.8
      13.0      9.83      6.72      4.72      3.62      3.21      3.23      3.10
      2.95      2.88      2.91      3.11      3.31      3.18      3.04      3.02
      2.98      2.89      2.79      2.87      2.92      2.91      2.90      2.81
      2.69      2.73      2.72      2.68      2.70      2.67      2.69      2.67
      2.67      2.65      2.66      2.71      2.65      2.65      2.75      2.86
      2.80      2.72      2.72      2.67      2.63      2.73      2.81      2.78
      2.72      2.75      2.77      2.76      2.80      2.77      2.76      2.82
      2.77      2.92      3.93      5.22
### S(Q,omega)
      46.2      52.5      52.3      41.1      28.7      24.3      16.4      9.07
      7.85      3.66     0.438     -2.11     -3.51     -3.11     -2.55     -2.04
    -0.993    -0.213    -0.383    -0.173      1.70      2.20      2.34      2.03
      1.63      2.03      2.16      2.60      2.23      1.08     0.773      1.13
      1.82      2.53      3.31      4.30      4.74      5.36      5.24      4.36
      4.54      5.01      4.52      5.40      6.49      6.28      6.33      6.23
      6.03      6.16      6.75      7.26      6.61      6.64      7.36      7.06
      6.81      7.15      6.87      6.81      7.07      7.36      6.93      5.79
      5.15      4.65      4.49      4.67
### Errors
      32.6      26.9      23.4      22.1      21.2      19.6      18.0      15.4
      12.7      9.57      6.57      4.66      3.57      3.15      3.12      3.00
      2.88      2.84      2.87      3.04      3.20      3.12      3.01      2.98
      2.97      2.90      2.86      2.98      2.99      2.96      2.91      2.79
      2.69      2.73      2.73      2.67      2.66      2.65      2.65      2.65
      2.68      2.65      2.68      2.71      2.63      2.60      2.73      2.86
      2.81      2.72      2.71      2.67      2.61      2.68      2.73      2.72
      2.70      2.74      2.75      2.73      2.76      2.72      2.71      2.75
      2.71      2.84      3.80      4.98
### S(Q,omega)
      44.4      58.2      61.7      47.2      38.2      32.1      21.0      9.07
      4.37      2.27     -1.21     -3.45     -4.01     -3.56     -2.25     -1.67
    -0.931    -0.659    -0.909    0.0328      1.34      1.40      1.68      1.77
      2.02      1.93      1.81      1.44      1.51      1.27      1.09      1.86
      2.95      3.23      3.72      4.28      4.91      5.30      5.63      4.61
      4.82      4.36      3.64      4.13      4.91      4.87      5.60      6.03
      6.12      6.41      6.34      6.23      5.59      5.31      6.26      7.19
      7.62      7.63      6.67      6.03      6.51      6.96      6.92      5.60
      4.91      4.36      3.86      3.76
### Errors
      31.2      26.1      22.9      21.7      20.8      19.1      17.3      15.0
      12.6      9.51      6.53      4.66      3.56      3.10      3.03      2.93
      2.84      2.81      2.85      3.00      3.16      3.07      2.94      2.92
      2.91      2.88      2.87      2.96      3.00      2.97      2.90      2.79
      2.71      2.77      2.76      2.68      2.70      2.67      2.69      2.66
      2.69      2.66      2.70      2.72      2.62      2.57      2.70      2.84
      2.76      2.68      2.66      2.62      2.59      2.62      2.63      2.63
      2.64      2.72      2.71      2.67      2.69      2.66      2.65      2.72
      2.67      2.80      3.79      5.06
### S(Q,omega)
      49.8      60.5      64.4      52.2      42.1      35.1      23.6      10.0
      1.73      2.48     0.367     -2.21     -2.05     -1.47     -1.46     -1.62
     -1.16    -0.689    -0.174     0.954      1.45      1.39      1.40      1.18
      2.00      2.42      1.56      1.44      2.18      2.63      2.74      2.21
      2.59      2.66      3.24      4.19      4.30      4.33      4.45      4.80
      4.64      4.32      3.90      4.28      4.66      4.86      5.34      5.79
      5.78      5.65      5.57      5.74      5.66      5.64      6.22      7.63
      8.45      8.30      6.95      6.60      6.71      6.77      7.02      6.55
      5.95      5.83      5.58      5.89
### Errors
      29.9      25.5      22.7      21.4      20.6      18.9      17.1      14.8
      12.4      9.39      6.45      4.59      3.53      3.05      2.99      2.88
      2.79      2.79      2.85      3.01      3.16      3.00      2.84      2.86
      2.84      2.82      2.79      2.86      2.90      2.91      2.86      2.75
      2.68      2.74      2.73      2.63      2.65      2.67      2.65      2.63
      2.66      2.61      2.62      2.69      2.60      2.56      2.67      2.76
      2.69      2.60      2.59      2.56      2.55      2.60      2.60      2.57
      2.58      2.68      2.69      2.63      2.62      2.58      2.60      2.67
      2.66      2.81      3.80      5.04
### S(Q,omega)
      62.6      64.5      63.9      54.3      40.8      36.5      28.8      13.2
      1.25      1.10     0.905    -0.149     0.100     0.526     0.360    -0.700
     -1.37    -0.792   0.00355     0.999     0.970      1.13      1.95      2.10
      1.88      1.69      1.55      1.30      2.09      3.62      4.50      3.55
      2.52      2.45      2.89      3.41      3.66      4.08      4.32      4.59
      4.61      4.41      4.68      4.58      5.16      5.64      5.62      5.46
      5.15      4.93      4.92      5.20      6.08      6.88      7.46      8.30
      8.73      8.39      7.53      7.07      7.09      7.18      7.21      6.59
      6.00      5.63      6.23      7.56
### Errors
      30.0      25.3      22.3      21.1      20.3      18.7      17.1      14.7
      12.2      9.26      6.38      4.56      3.51      3.04      2.99      2.85
      2.78      2.77      2.81      2.97      3.12      2.97      2.81      2.77
      2.77      2.71      2.65      2.71      2.78      2.79      2.75      2.64
      2.57      2.64      2.63      2.57      2.60      2.60      2.61      2.59
      2.62      2.55      2.57      2.64      2.58      2.53      2.61      2.70
      2.63      2.54      2.53      2.51      2.51      2.59      2.63      2.58
      2.55      2.63      2.67      2.61      2.59      2.54      2.55      2.64
      2.62      2.77      3.75      4.98
### S(Q,omega)
      75.6      65.7      61.4      55.4      44.5      34.0      27.1      13.9
      1.36     -1.84    -0.659    0.0769    0.0131     0.227     0.199    -0.477
    -0.728    -0.236   -0.0665     0.248     0.356      1.23      2.17      2.63
      1.27     0.718      1.04      1.05      1.97      3.69      4.67      4.25
      3.64      3.03      3.11      3.00      3.32      4.43      4.71      4.30
      4.44      4.77      5.48      4.99      5.22      5.73      5.83      5.18
      5.08      4.93      5.22      5.89      6.42      7.15      7.69      7.81
      7.48      7.47      7.56      6.80      6.59      7.17      6.85      6.26
      5.44      4.78      5.73      6.72
### Errors
      30.0      25.1      21.9      20.8      20.0      18.5      17.0      14.6
      12.2      9.25      6.41      4.59      3.48      2.97      2.92      2.81
      2.72      2.72      2.75      2.90      3.07      2.94      2.80      2.72
      2.70      2.64      2.56      2.63      2.71      2.70      2.67      2.56
      2.51      2.58      2.57      2.50      2.51      2.51      2.55      2.56
      2.58      2.55      2.55      2.60      2.54      2.50      2.59      2.68
      2.63      2.55      2.53      2.50      2.48      2.56      2.62      2.58
      2.50      2.56      2.59      2.55      2.53      2.49      2.52      2.61
      2.58      2.74      3.76      5.02
### S(Q,omega)
      75.1      63.7      57.6      50.2      36.4      24.3      16.6      11.6
      2.21     -1.99     -2.14    -0.994     -1.32     -1.52     -1.19    -0.798
    -0.470     0.346     0.406     0.194     0.187      1.57      1.93      1.42
     0.185    -0.818    0.0316     0.629      1.67      2.91      3.53      3.66
      3.63      3.05      2.81      3.10      3.43      4.30      4.35      4.05
      4.26      4.69      5.35      5.06      4.75      5.18      5.10      4.74
      4.55      4.82      6.14      6.74      6.72      6.50      6.41      6.55
      6.30      6.18      6.40      6.06      5.52      6.26      6.95      6.98
      5.86      5.06      5.63      6.46
### Errors
      32.2      26.9      23.3      22.0      21.7      20.3      18.4      15.9
      13.3      10.3      7.21      5.16      3.84      3.22      3.15      3.01
      2.93      2.96      3.00      3.16      3.29      3.14      2.98      2.91
      2.89      2.85      2.77      2.83      2.92      2.97      2.93      2.84
      2.79      2.88      2.88      2.78      2.72      2.71      2.75      2.78
      2.78      2.71      2.68      2.71      2.67      2.66      2.77      2.90
      2.83      2.78      2.78      2.75      2.72      2.77      2.81      2.73
      2.64      2.69      2.73      2.72      2.73      2.69      2.73      2.82
      2.80      2.99      4.07      5.41
### S(Q,omega)
      59.6      58.5      52.4      40.4      28.2      20.8      18.1      13.4
      2.27     -6.91     -6.39    -0.992   -0.0952     -1.18    -0.705    -0.721
    -0.235     0.474     0.683     0.431      1.10      2.48      2.33     0.396
    -0.828     -1.32    -0.298     0.720      1.04      1.77      2.63      2.72
      2.61      1.87      2.19      3.09      3.48      3.54      3.75      4.54
      4.71      4.17      4.43      4.21      4.26      4.44      4.62      4.64
      4.01      4.83      6.48      6.88      6.00      4.74      3.65      3.66
      4.56      5.65      5.81      5.18      4.95      5.95      7.18      7.48
      6.24      5.61      5.34      4.40
### Errors
      45.4      37.1      30.0      28.8      30.4      30.0      26.8      22.6
      18.8      14.7      10.4      7.38      5.45      4.48      4.27      4.11
      4.17      4.32      4.37      4.54      4.70      4.36      3.91      3.83
      3.96      4.01      3.86      3.94      4.25      4.38      4.25      4.03
      4.01      4.18      4.17      3.97      3.89      3.93      3.99      3.95
      3.87      3.66      3.55      3.61      3.59      3.67      3.89      3.96
      3.84      3.77      3.85      3.92      3.90      3.89      3.79      3.53
      3.38      3.57      3.76      3.87      4.01      3.99      3.96      3.99
      3.94      4.17      5.48      7.06
### S(Q,omega)
      42.2      42.1      42.7      31.8      24.1      28.5      28.3      19.3
     -1.55     -14.6     -10.5     0.686      2.06    0.0695    -0.377     -1.07
     0.121    -0.229    -0.440     0.745      2.22      3.72      2.79   -0.0755
    -0.940     -1.07     0.326      1.79     0.582      1.07      1.89      1.73
      2.39     0.522    -0.131      2.42      4.10      3.54      2.68      4.84
      5.16      3.42      3.02      3.71      4.05      3.99      4.47      4.40
      4.02      5.25      6.81      7.01      4.57      2.55      2.19     0.213
      1.78      5.17      6.08      4.46      4.77      5.77      6.60      7.35
      5.86      5.46      5.85      2.56
### Errors
      61.6      49.2      38.4      37.2      41.5      41.8      37.0      30.5
      25.6      19.9      14.0      10.0      7.32      6.01      5.70      5.49
      5.66      5.99      5.98      6.17      6.47      5.85      5.03      4.97
      5.23      5.43      5.15      5.29      5.87      6.08      5.82      5.45
      5.43      5.74      5.69      5.38      5.26      5.36      5.48      5.33
      5.21      4.84      4.62      4.77      4.75      4.93      5.30      5.31
      5.11      5.01      5.17      5.35      5.32      5.30      5.01      4.58
      4.29      4.67      5.06      5.25      5.61      5.53      5.43      5.43
      5.33      5.59      7.24      9.44
