#                   T = 1.60                    
#          r [Å]            g(r)           Δg(r)
  0.00000000E+00  9.62679827E-01  7.78282112E-04
  1.25000000E-01  9.63286134E-01  7.15725530E-04
  2.50000000E-01  9.63310833E-01  5.55551534E-04
  3.75000000E-01  9.64307573E-01  4.39000649E-04
  5.00000000E-01  9.65742274E-01  3.78598351E-04
  6.25000000E-01  9.67202335E-01  2.96272331E-04
  7.50000000E-01  9.69540847E-01  3.13988324E-04
  8.75000000E-01  9.72482394E-01  4.35677184E-04
  1.00000000E+00  9.75239459E-01  5.08606100E-04
  1.12500000E+00  9.78155747E-01  6.59739991E-04
  1.25000000E+00  9.80455568E-01  6.77806333E-04
  1.37500000E+00  9.82685657E-01  6.53239740E-04
  1.50000000E+00  9.83565009E-01  6.56546197E-04
  1.62500000E+00  9.84693284E-01  6.42740820E-04
  1.75000000E+00  9.84880731E-01  5.60607390E-04
  1.87500000E+00  9.86487256E-01  4.37315803E-04
  2.00000000E+00  9.89952680E-01  3.59795748E-04
  2.12500000E+00  9.95483972E-01  3.21326236E-04
  2.25000000E+00  1.00224896E+00  3.11400390E-04
  2.37500000E+00  1.01016578E+00  4.51017232E-04
  2.50000000E+00  1.01727851E+00  5.93677959E-04
  2.62500000E+00  1.02302405E+00  7.15752396E-04
  2.75000000E+00  1.02545403E+00  7.77295742E-04
  2.87500000E+00  1.02556604E+00  7.39166238E-04
  3.00000000E+00  1.02298880E+00  6.57953984E-04
  3.12500000E+00  1.01826734E+00  5.70791471E-04
  3.25000000E+00  1.01179402E+00  4.17734796E-04
  3.37500000E+00  1.00505352E+00  3.76822014E-04
  3.50000000E+00  9.98465044E-01  3.66946673E-04
  3.62500000E+00  9.93833875E-01  3.28167932E-04
  3.75000000E+00  9.89677328E-01  3.70266965E-04
  3.87500000E+00  9.86639215E-01  4.47227754E-04
  4.00000000E+00  9.85366932E-01  5.38445967E-04
  4.12500000E+00  9.85461092E-01  6.07572070E-04
  4.25000000E+00  9.85312224E-01  6.13507187E-04
  4.37500000E+00  9.85878185E-01  6.32177717E-04
  4.50000000E+00  9.87385898E-01  5.77764786E-04
  4.62500000E+00  9.88418632E-01  5.37478474E-04
  4.75000000E+00  9.90112317E-01  4.79492145E-04
  4.87500000E+00  9.92619516E-01  4.82492264E-04
  5.00000000E+00  9.95510363E-01  3.74803079E-04
  5.12500000E+00  9.99384617E-01  3.67863246E-04
  5.25000000E+00  1.00384065E+00  4.14715749E-04
  5.37500000E+00  1.00806775E+00  5.36160984E-04
  5.50000000E+00  1.01158944E+00  6.12846269E-04
  5.62500000E+00  1.01489898E+00  6.91171729E-04
  5.75000000E+00  1.01672386E+00  7.18769118E-04
  5.87500000E+00  1.01716935E+00  7.23515912E-04
  6.00000000E+00  1.01551614E+00  6.42592928E-04
  6.12500000E+00  1.01287907E+00  5.41744047E-04
  6.25000000E+00  1.00850861E+00  4.17585192E-04
  6.37500000E+00  1.00427150E+00  3.28440787E-04
  6.50000000E+00  1.00013863E+00  3.33083194E-04
  6.62500000E+00  9.96264958E-01  4.04035988E-04
  6.75000000E+00  9.92898832E-01  4.59262476E-04
  6.87500000E+00  9.90451697E-01  5.01594724E-04
  7.00000000E+00  9.88584567E-01  5.74414787E-04
  7.12500000E+00  9.87707157E-01  5.20900664E-04
  7.25000000E+00  9.87389778E-01  5.50683604E-04
  7.37500000E+00  9.87731160E-01  5.07278110E-04
  7.50000000E+00  9.88859584E-01  5.07152275E-04
  7.62500000E+00  9.90430894E-01  5.45000871E-04
  7.75000000E+00  9.92066710E-01  5.30966228E-04
  7.87500000E+00  9.94824608E-01  5.35544314E-04
  8.00000000E+00  9.98173337E-01  4.31831983E-04
  8.12500000E+00  1.00108908E+00  4.40232759E-04
  8.25000000E+00  1.00442763E+00  3.89434356E-04
  8.37500000E+00  1.00832071E+00  5.26753936E-04
  8.50000000E+00  1.01095290E+00  6.48574905E-04
  8.62500000E+00  1.01284428E+00  7.42425991E-04
  8.75000000E+00  1.01369237E+00  7.55548768E-04
  8.87500000E+00  1.01291060E+00  7.18886798E-04
  9.00000000E+00  1.01187690E+00  6.13341356E-04
  9.12500000E+00  1.00931140E+00  4.87764966E-04
  9.25000000E+00  1.00624104E+00  4.16280387E-04
  9.37500000E+00  1.00248629E+00  4.50980917E-04
  9.50000000E+00  9.99548183E-01  3.98588128E-04
  9.62500000E+00  9.96287123E-01  4.57025653E-04
  9.75000000E+00  9.93651884E-01  5.05253436E-04
  9.87500000E+00  9.91882122E-01  5.17984950E-04
  1.00000000E+01  9.90426839E-01  5.73057583E-04
  1.01200000E+01  9.89697878E-01  5.18124638E-04
  1.02500000E+01  9.89256233E-01  4.88888901E-04
  1.03800000E+01  9.89080806E-01  4.53058471E-04
  1.05000000E+01  9.90065470E-01  5.36731534E-04
  1.06200000E+01  9.92257357E-01  5.10439683E-04
  1.07500000E+01  9.94274808E-01  5.15393953E-04
  1.08800000E+01  9.96352175E-01  4.65682946E-04
  1.10000000E+01  9.99580097E-01  3.72844920E-04
  1.11200000E+01  1.00272367E+00  4.20599032E-04
  1.12500000E+01  1.00569975E+00  4.28649960E-04
  1.13800000E+01  1.00838665E+00  4.71217315E-04
  1.15000000E+01  1.00957553E+00  5.83539300E-04
  1.16200000E+01  1.01084088E+00  5.91036660E-04
  1.17500000E+01  1.01101151E+00  6.24190491E-04
  1.18800000E+01  1.01000206E+00  6.42179633E-04
  1.20000000E+01  1.00901793E+00  6.30701196E-04
  1.21200000E+01  1.00652309E+00  5.17290850E-04
  1.22500000E+01  1.00414079E+00  4.25135876E-04
  1.23800000E+01  1.00144188E+00  3.56088353E-04
  1.25000000E+01  9.98555492E-01  4.38709363E-04
  1.26200000E+01  9.96262709E-01  4.37367637E-04
  1.27500000E+01  9.94551687E-01  5.29924471E-04
  1.28800000E+01  9.93021305E-01  5.85724396E-04
  1.30000000E+01  9.91896570E-01  6.17624460E-04
  1.31200000E+01  9.90701270E-01  5.53688415E-04
  1.32500000E+01  9.90761156E-01  6.26143424E-04
  1.33800000E+01  9.90727132E-01  5.63167601E-04
  1.35000000E+01  9.91810358E-01  5.09701842E-04
  1.36200000E+01  9.93409602E-01  4.57472729E-04
  1.37500000E+01  9.95585729E-01  4.01466721E-04
  1.38800000E+01  9.98000443E-01  3.81330237E-04
  1.40000000E+01  1.00065807E+00  4.51379181E-04
  1.41200000E+01  1.00354216E+00  3.87663647E-04
  1.42500000E+01  1.00578761E+00  3.98930243E-04
  1.43800000E+01  1.00792877E+00  5.09772442E-04
  1.45000000E+01  1.00960470E+00  5.93500010E-04
  1.46200000E+01  1.00985725E+00  5.98384932E-04
  1.47500000E+01  1.00908894E+00  6.10954074E-04
  1.48800000E+01  1.00803819E+00  5.87894094E-04
  1.50000000E+01  1.00651019E+00  5.13649935E-04
  1.51200000E+01  1.00466194E+00  5.08028822E-04
  1.52500000E+01  1.00229750E+00  3.79434297E-04
  1.53800000E+01  9.99792156E-01  3.61918746E-04
  1.55000000E+01  9.97785225E-01  3.76651588E-04
  1.56200000E+01  9.96511149E-01  4.16593318E-04
  1.57500000E+01  9.94689848E-01  4.66535680E-04
  1.58800000E+01  9.93499707E-01  5.29003132E-04
  1.60000000E+01  9.92805247E-01  6.33101444E-04
  1.61200000E+01  9.92290854E-01  6.06818322E-04
  1.62500000E+01  9.92168182E-01  6.08986028E-04
  1.63800000E+01  9.92575739E-01  4.91398220E-04
  1.65000000E+01  9.93070066E-01  4.38623463E-04
  1.66200000E+01  9.94740380E-01  4.15265733E-04
  1.67500000E+01  9.96760137E-01  3.69161077E-04
  1.68800000E+01  9.99278301E-01  3.98847990E-04
  1.70000000E+01  1.00192149E+00  3.69531658E-04
  1.71200000E+01  1.00409559E+00  4.33486024E-04
  1.72500000E+01  1.00613582E+00  4.37452421E-04
  1.73800000E+01  1.00747690E+00  4.46703143E-04
  1.75000000E+01  1.00815377E+00  4.81688167E-04
  1.76200000E+01  1.00803002E+00  5.90964988E-04
  1.77500000E+01  1.00730076E+00  5.64960558E-04
  1.78800000E+01  1.00675627E+00  5.42000550E-04
  1.80000000E+01  1.00473353E+00  5.10956489E-04
  1.81200000E+01  1.00281434E+00  4.42250365E-04
  1.82500000E+01  1.00062180E+00  3.15824805E-04
  1.83800000E+01  9.99084923E-01  3.21655717E-04
  1.85000000E+01  9.97069716E-01  3.61349552E-04
  1.86200000E+01  9.96100621E-01  3.29557989E-04
  1.87500000E+01  9.95237331E-01  4.25908085E-04
  1.88800000E+01  9.94535794E-01  5.27987939E-04
  1.90000000E+01  9.93700585E-01  6.57992785E-04
  1.91200000E+01  9.93333503E-01  6.07013612E-04
  1.92500000E+01  9.93642973E-01  5.31952114E-04
  1.93800000E+01  9.93645058E-01  5.11777630E-04
  1.95000000E+01  9.95054098E-01  4.15942883E-04
  1.96200000E+01  9.96191322E-01  4.15504459E-04
  1.97500000E+01  9.98179593E-01  3.45403111E-04
  1.98800000E+01  1.00008301E+00  3.87066046E-04
  2.00000000E+01  1.00254255E+00  4.04496541E-04
  2.01200000E+01  1.00433184E+00  3.79957338E-04
  2.02500000E+01  1.00590581E+00  4.39305308E-04
  2.03800000E+01  1.00679038E+00  5.10527464E-04
  2.05000000E+01  1.00713895E+00  4.56206464E-04
  2.06200000E+01  1.00723335E+00  5.85241851E-04
  2.07500000E+01  1.00622343E+00  5.57458604E-04
  2.08800000E+01  1.00518762E+00  4.86795900E-04
  2.10000000E+01  1.00392361E+00  4.61274412E-04
  2.11200000E+01  1.00238013E+00  3.63659820E-04
  2.12500000E+01  9.99909253E-01  3.42342244E-04
  2.13800000E+01  9.98019070E-01  3.18986535E-04
  2.15000000E+01  9.96729399E-01  3.88021368E-04
  2.16200000E+01  9.95576109E-01  4.95958705E-04
  2.17500000E+01  9.94798052E-01  4.95715073E-04
  2.18800000E+01  9.93914738E-01  5.35413533E-04
  2.20000000E+01  9.93916285E-01  5.54401183E-04
  2.21200000E+01  9.93773324E-01  5.59510073E-04
  2.22500000E+01  9.94606889E-01  5.76178389E-04
  2.23800000E+01  9.94923128E-01  4.18186896E-04
  2.25000000E+01  9.96433793E-01  3.92395792E-04
  2.26200000E+01  9.97737700E-01  3.36745014E-04
  2.27500000E+01  9.99593490E-01  2.86213942E-04
  2.28800000E+01  1.00125117E+00  3.14264695E-04
  2.30000000E+01  1.00275626E+00  3.77863692E-04
  2.31200000E+01  1.00458975E+00  4.38075080E-04
  2.32500000E+01  1.00585667E+00  4.54874218E-04
  2.33800000E+01  1.00688221E+00  5.51518963E-04
  2.35000000E+01  1.00703131E+00  5.50805305E-04
  2.36200000E+01  1.00662936E+00  6.14490361E-04
  2.37500000E+01  1.00548600E+00  4.97018315E-04
  2.38800000E+01  1.00419078E+00  3.62044271E-04
  2.40000000E+01  1.00259181E+00  3.25889739E-04
  2.41200000E+01  1.00052140E+00  2.83286290E-04
  2.42500000E+01  9.98927290E-01  2.51793194E-04
  2.43800000E+01  9.97318956E-01  3.03714446E-04
  2.45000000E+01  9.96323128E-01  3.24071266E-04
  2.46200000E+01  9.95087931E-01  4.64143059E-04
  2.47500000E+01  9.93977057E-01  5.31783963E-04
  2.48800000E+01  9.94200059E-01  6.20243607E-04
