#                   T = 1.60                    
#          r [Å]            g(r)           Δg(r)
  0.00000000E+00  9.16247315E-01  3.18195671E-04
  1.25000000E-01  9.16522292E-01  2.90170362E-04
  2.50000000E-01  9.16891036E-01  2.68146043E-04
  3.75000000E-01  9.17979513E-01  2.41338715E-04
  5.00000000E-01  9.18854335E-01  2.02612617E-04
  6.25000000E-01  9.20317261E-01  1.73768471E-04
  7.50000000E-01  9.21799298E-01  1.50155343E-04
  8.75000000E-01  9.23867906E-01  1.69898211E-04
  1.00000000E+00  9.25740937E-01  1.74770404E-04
  1.12500000E+00  9.28379913E-01  2.20801768E-04
  1.25000000E+00  9.31278406E-01  2.48875498E-04
  1.37500000E+00  9.34040209E-01  2.53669988E-04
  1.50000000E+00  9.37963443E-01  2.87465772E-04
  1.62500000E+00  9.41983948E-01  3.00916093E-04
  1.75000000E+00  9.46503925E-01  2.86932814E-04
  1.87500000E+00  9.51865851E-01  2.82650082E-04
  2.00000000E+00  9.58204444E-01  2.75938579E-04
  2.12500000E+00  9.65600716E-01  2.69157191E-04
  2.25000000E+00  9.74756495E-01  2.54135344E-04
  2.37500000E+00  9.84910807E-01  2.25692580E-04
  2.50000000E+00  9.95315737E-01  1.87587368E-04
  2.62500000E+00  1.00558053E+00  1.88742297E-04
  2.75000000E+00  1.01455646E+00  2.04865657E-04
  2.87500000E+00  1.02237079E+00  2.09394010E-04
  3.00000000E+00  1.02772320E+00  2.77447144E-04
  3.12500000E+00  1.03101086E+00  3.37647366E-04
  3.25000000E+00  1.03243126E+00  2.89787154E-04
  3.37500000E+00  1.03224729E+00  3.11867946E-04
  3.50000000E+00  1.03010198E+00  3.09967599E-04
  3.62500000E+00  1.02674318E+00  2.96570237E-04
  3.75000000E+00  1.02249844E+00  2.95395032E-04
  3.87500000E+00  1.01777349E+00  2.89687746E-04
  4.00000000E+00  1.01256269E+00  2.53484253E-04
  4.12500000E+00  1.00744313E+00  2.74097285E-04
  4.25000000E+00  1.00229206E+00  2.52811767E-04
  4.37500000E+00  9.97408768E-01  2.16016914E-04
  4.50000000E+00  9.93147599E-01  2.20591224E-04
  4.62500000E+00  9.89573227E-01  2.42315219E-04
  4.75000000E+00  9.85970573E-01  2.67686225E-04
  4.87500000E+00  9.83820780E-01  2.67936245E-04
  5.00000000E+00  9.82280056E-01  2.86965796E-04
  5.12500000E+00  9.81818111E-01  2.90595007E-04
  5.25000000E+00  9.81771954E-01  2.81797456E-04
  5.37500000E+00  9.82450736E-01  2.80931954E-04
  5.50000000E+00  9.83869721E-01  2.65820143E-04
  5.62500000E+00  9.86080983E-01  2.41070508E-04
  5.75000000E+00  9.88413823E-01  2.47670840E-04
  5.87500000E+00  9.90853405E-01  2.54605079E-04
  6.00000000E+00  9.93755710E-01  2.35586086E-04
  6.12500000E+00  9.97042846E-01  2.16248766E-04
  6.25000000E+00  9.99792786E-01  2.22938070E-04
  6.37500000E+00  1.00241106E+00  2.25824557E-04
  6.50000000E+00  1.00484972E+00  2.38136797E-04
  6.62500000E+00  1.00683947E+00  2.23899505E-04
  6.75000000E+00  1.00822248E+00  2.33467762E-04
  6.87500000E+00  1.00934926E+00  2.47666606E-04
  7.00000000E+00  1.00976220E+00  2.38129785E-04
  7.12500000E+00  1.00946658E+00  2.50470530E-04
  7.25000000E+00  1.00911161E+00  2.59396786E-04
  7.37500000E+00  1.00841134E+00  2.48410397E-04
  7.50000000E+00  1.00715225E+00  2.61109629E-04
  7.62500000E+00  1.00584276E+00  2.44869091E-04
  7.75000000E+00  1.00421571E+00  2.77670601E-04
  7.87500000E+00  1.00244422E+00  2.43052810E-04
  8.00000000E+00  1.00072352E+00  2.30344312E-04
  8.12500000E+00  9.98833507E-01  2.36243630E-04
  8.25000000E+00  9.97306062E-01  2.39622121E-04
  8.37500000E+00  9.96042110E-01  2.29678836E-04
  8.50000000E+00  9.94841969E-01  2.45334164E-04
  8.62500000E+00  9.93945053E-01  2.36026981E-04
  8.75000000E+00  9.93301538E-01  2.43788550E-04
  8.87500000E+00  9.92982683E-01  2.50438106E-04
  9.00000000E+00  9.93329600E-01  2.39984062E-04
  9.12500000E+00  9.93495050E-01  2.40796543E-04
  9.25000000E+00  9.93994358E-01  2.36044134E-04
  9.37500000E+00  9.94843718E-01  2.60664238E-04
  9.50000000E+00  9.95634525E-01  2.62516737E-04
  9.62500000E+00  9.96659723E-01  2.56368048E-04
  9.75000000E+00  9.97789763E-01  2.43063163E-04
  9.87500000E+00  9.98948735E-01  2.35735039E-04
  1.00000000E+01  1.00024587E+00  2.33999610E-04
  1.01200000E+01  1.00110831E+00  2.37445468E-04
  1.02500000E+01  1.00194923E+00  2.37876717E-04
  1.03800000E+01  1.00275547E+00  2.60884311E-04
  1.05000000E+01  1.00324643E+00  2.47970444E-04
  1.06200000E+01  1.00331893E+00  2.82072028E-04
  1.07500000E+01  1.00334363E+00  2.40502352E-04
  1.08800000E+01  1.00327164E+00  2.53837482E-04
  1.10000000E+01  1.00321744E+00  2.71668621E-04
  1.11200000E+01  1.00289155E+00  2.56332355E-04
  1.12500000E+01  1.00231583E+00  2.36509547E-04
  1.13800000E+01  1.00173684E+00  2.31445694E-04
  1.15000000E+01  1.00145194E+00  2.33263653E-04
  1.16200000E+01  1.00078517E+00  2.30650288E-04
  1.17500000E+01  9.99961974E-01  2.33454113E-04
  1.18800000E+01  9.99231523E-01  2.40831458E-04
  1.20000000E+01  9.98430689E-01  2.60743290E-04
  1.21200000E+01  9.98012784E-01  2.60428345E-04
  1.22500000E+01  9.97497550E-01  2.49861192E-04
  1.23800000E+01  9.97217770E-01  2.34651158E-04
  1.25000000E+01  9.96799108E-01  2.38362889E-04
  1.26200000E+01  9.97056701E-01  2.42949143E-04
  1.27500000E+01  9.96999247E-01  2.33746414E-04
  1.28800000E+01  9.97128771E-01  2.62725010E-04
  1.30000000E+01  9.97738752E-01  2.42318014E-04
  1.31200000E+01  9.97622150E-01  2.57997163E-04
  1.32500000E+01  9.98343409E-01  2.56667184E-04
  1.33800000E+01  9.98517933E-01  2.38663516E-04
  1.35000000E+01  9.98983401E-01  2.28129153E-04
  1.36200000E+01  9.99727420E-01  2.34855483E-04
  1.37500000E+01  1.00004436E+00  2.45761425E-04
  1.38800000E+01  1.00031768E+00  2.73385077E-04
  1.40000000E+01  1.00058342E+00  2.65884944E-04
  1.41200000E+01  1.00082432E+00  2.57976990E-04
  1.42500000E+01  1.00082084E+00  2.73118716E-04
  1.43800000E+01  1.00110446E+00  2.56217003E-04
  1.45000000E+01  1.00114383E+00  2.72142887E-04
  1.46200000E+01  1.00105438E+00  2.65789969E-04
  1.47500000E+01  1.00107264E+00  2.47424622E-04
  1.48800000E+01  1.00085584E+00  2.27282920E-04
  1.50000000E+01  1.00044759E+00  2.49920964E-04
  1.51200000E+01  1.00051056E+00  2.55463911E-04
  1.52500000E+01  1.00000081E+00  2.44825410E-04
  1.53800000E+01  9.99921628E-01  2.84013896E-04
  1.55000000E+01  9.99864556E-01  2.40681666E-04
  1.56200000E+01  9.99435430E-01  2.48397602E-04
  1.57500000E+01  9.99042901E-01  2.43808799E-04
  1.58800000E+01  9.99037925E-01  2.44647037E-04
  1.60000000E+01  9.98767570E-01  2.68300526E-04
  1.61200000E+01  9.98696364E-01  2.39688224E-04
  1.62500000E+01  9.98543397E-01  2.74520713E-04
  1.63800000E+01  9.98574218E-01  2.65469895E-04
  1.65000000E+01  9.98760890E-01  2.57461571E-04
  1.66200000E+01  9.98798993E-01  2.48367325E-04
  1.67500000E+01  9.98769607E-01  2.37787294E-04
  1.68800000E+01  9.98915463E-01  2.23993188E-04
  1.70000000E+01  9.98880128E-01  2.40865506E-04
  1.71200000E+01  9.98990637E-01  2.35876705E-04
  1.72500000E+01  9.99299507E-01  2.42077631E-04
  1.73800000E+01  9.99544754E-01  2.38847922E-04
  1.75000000E+01  9.99633309E-01  2.51254641E-04
  1.76200000E+01  9.99772263E-01  2.51136021E-04
  1.77500000E+01  9.99774761E-01  2.52535809E-04
  1.78800000E+01  1.00016196E+00  2.72431141E-04
  1.80000000E+01  1.00007181E+00  2.75499314E-04
  1.81200000E+01  1.00028896E+00  2.79542773E-04
  1.82500000E+01  1.00034024E+00  2.71671629E-04
  1.83800000E+01  1.00029610E+00  2.26719053E-04
  1.85000000E+01  1.00024450E+00  2.78769918E-04
  1.86200000E+01  1.00012461E+00  2.46233427E-04
  1.87500000E+01  1.00017730E+00  2.26804545E-04
  1.88800000E+01  1.00003130E+00  2.20882224E-04
  1.90000000E+01  9.99770827E-01  2.35507489E-04
  1.91200000E+01  9.99639051E-01  2.59530963E-04
  1.92500000E+01  9.99577044E-01  2.47643109E-04
  1.93800000E+01  9.99530667E-01  2.48108437E-04
  1.95000000E+01  9.99483288E-01  2.50913312E-04
  1.96200000E+01  9.99513824E-01  2.65482597E-04
  1.97500000E+01  9.99065733E-01  2.57305094E-04
  1.98800000E+01  9.99178040E-01  2.68949160E-04
  2.00000000E+01  9.99412676E-01  2.28654959E-04
  2.01200000E+01  9.99116809E-01  2.57322449E-04
  2.02500000E+01  9.98851198E-01  2.70908786E-04
  2.03800000E+01  9.99130310E-01  1.95786839E-04
  2.05000000E+01  9.99286350E-01  1.97619121E-04
  2.06200000E+01  9.99209069E-01  2.05157976E-04
  2.07500000E+01  9.99274417E-01  2.30946172E-04
  2.08800000E+01  9.99358511E-01  2.36163282E-04
  2.10000000E+01  9.99529442E-01  2.47349231E-04
  2.11200000E+01  9.99716382E-01  2.69091888E-04
  2.12500000E+01  9.99448187E-01  2.80128085E-04
  2.13800000E+01  9.99791470E-01  2.92520163E-04
  2.15000000E+01  9.99856387E-01  2.91143585E-04
  2.16200000E+01  9.99506926E-01  3.24374230E-04
  2.17500000E+01  9.99676692E-01  2.45260013E-04
  2.18800000E+01  9.99847612E-01  2.69805872E-04
  2.20000000E+01  9.99777932E-01  2.21199563E-04
  2.21200000E+01  9.99724560E-01  1.93040425E-04
  2.22500000E+01  9.99770151E-01  2.00113284E-04
  2.23800000E+01  9.99558125E-01  2.24326528E-04
  2.25000000E+01  9.99830203E-01  2.14692410E-04
  2.26200000E+01  9.99559121E-01  2.55725422E-04
  2.27500000E+01  9.99746861E-01  2.41178632E-04
  2.28800000E+01  9.99779339E-01  2.71469005E-04
  2.30000000E+01  9.99699733E-01  2.77013252E-04
  2.31200000E+01  9.99542293E-01  2.91287269E-04
  2.32500000E+01  9.99617726E-01  2.95430460E-04
  2.33800000E+01  9.99454309E-01  2.82443424E-04
  2.35000000E+01  9.99411188E-01  2.71410343E-04
  2.36200000E+01  9.99372174E-01  2.98497766E-04
  2.37500000E+01  9.99285134E-01  2.22357821E-04
  2.38800000E+01  9.99360748E-01  2.38997464E-04
  2.40000000E+01  9.99356913E-01  1.68640681E-04
  2.41200000E+01  9.99636459E-01  1.55610992E-04
  2.42500000E+01  9.99447464E-01  1.86222366E-04
  2.43800000E+01  9.99545555E-01  2.05456555E-04
  2.45000000E+01  9.99588470E-01  2.30694716E-04
  2.46200000E+01  9.99541723E-01  2.70419097E-04
  2.47500000E+01  9.99576198E-01  2.90072571E-04
  2.48800000E+01  9.99845795E-01  3.43495345E-04
