#                   T = 1.60                    
#          r [Å]            g(r)           Δg(r)
  0.00000000E+00  9.42500157E-01  2.50057581E-04
  1.25000000E-01  9.44402466E-01  2.42302389E-04
  2.50000000E-01  9.47407733E-01  2.65411643E-04
  3.75000000E-01  9.52021148E-01  2.04611743E-04
  5.00000000E-01  9.57288352E-01  1.96693446E-04
  6.25000000E-01  9.62942807E-01  2.08035031E-04
  7.50000000E-01  9.68845269E-01  2.19304916E-04
  8.75000000E-01  9.74675233E-01  2.09701271E-04
  1.00000000E+00  9.79280516E-01  2.02608262E-04
  1.12500000E+00  9.83828945E-01  2.36455704E-04
  1.25000000E+00  9.87240343E-01  2.35520536E-04
  1.37500000E+00  9.89787933E-01  3.10374254E-04
  1.50000000E+00  9.92244869E-01  2.79480189E-04
  1.62500000E+00  9.93480438E-01  2.49488846E-04
  1.75000000E+00  9.95051828E-01  2.06637404E-04
  1.87500000E+00  9.95544802E-01  2.27810343E-04
  2.00000000E+00  9.96483438E-01  2.15550314E-04
  2.12500000E+00  9.98431490E-01  2.24338443E-04
  2.25000000E+00  1.00014170E+00  2.31988584E-04
  2.37500000E+00  1.00254259E+00  2.33267818E-04
  2.50000000E+00  1.00543050E+00  2.65436932E-04
  2.62500000E+00  1.00747011E+00  2.38858303E-04
  2.75000000E+00  1.00897253E+00  2.29429517E-04
  2.87500000E+00  1.00894782E+00  2.25053644E-04
  3.00000000E+00  1.00789251E+00  2.38323195E-04
  3.12500000E+00  1.00609968E+00  2.27349711E-04
  3.25000000E+00  1.00464865E+00  2.27574165E-04
  3.37500000E+00  1.00236676E+00  2.50944494E-04
  3.50000000E+00  1.00036647E+00  2.37526059E-04
  3.62500000E+00  9.98500383E-01  2.07707092E-04
  3.75000000E+00  9.97212917E-01  2.31507616E-04
  3.87500000E+00  9.96512255E-01  2.21327462E-04
  4.00000000E+00  9.96148206E-01  2.63624417E-04
  4.12500000E+00  9.96394140E-01  2.27577787E-04
  4.25000000E+00  9.96422150E-01  2.33887878E-04
  4.37500000E+00  9.96642761E-01  2.14457125E-04
  4.50000000E+00  9.97174689E-01  2.60529544E-04
  4.62500000E+00  9.98180638E-01  2.25294631E-04
  4.75000000E+00  9.98112276E-01  2.17036415E-04
  4.87500000E+00  9.98855478E-01  2.30627173E-04
  5.00000000E+00  9.99008602E-01  2.21885799E-04
  5.12500000E+00  9.99459380E-01  2.41077773E-04
  5.25000000E+00  1.00022108E+00  2.61895894E-04
  5.37500000E+00  1.00016574E+00  2.32594730E-04
  5.50000000E+00  1.00083532E+00  2.49351852E-04
  5.62500000E+00  1.00094684E+00  2.59652649E-04
  5.75000000E+00  1.00108216E+00  2.45944845E-04
  5.87500000E+00  1.00101787E+00  2.14837172E-04
  6.00000000E+00  1.00083542E+00  2.23990714E-04
  6.12500000E+00  1.00122060E+00  2.26198776E-04
  6.25000000E+00  1.00081249E+00  2.62181392E-04
  6.37500000E+00  1.00080944E+00  2.21487527E-04
  6.50000000E+00  1.00044419E+00  2.28706395E-04
  6.62500000E+00  1.00056021E+00  2.39478551E-04
  6.75000000E+00  9.99994781E-01  2.34578240E-04
  6.87500000E+00  9.99630578E-01  2.35621079E-04
  7.00000000E+00  9.99532768E-01  2.26842913E-04
  7.12500000E+00  9.99594571E-01  2.26408240E-04
  7.25000000E+00  9.99373455E-01  2.62742818E-04
  7.37500000E+00  9.99174616E-01  2.25973493E-04
  7.50000000E+00  9.99473611E-01  2.54308149E-04
  7.62500000E+00  9.99572539E-01  2.83291219E-04
  7.75000000E+00  9.99581186E-01  2.77008306E-04
  7.87500000E+00  9.99614956E-01  2.24636464E-04
  8.00000000E+00  9.99675416E-01  2.24904196E-04
  8.12500000E+00  9.99737973E-01  2.55919461E-04
  8.25000000E+00  9.99953220E-01  2.56924737E-04
  8.37500000E+00  9.99979361E-01  2.45129602E-04
  8.50000000E+00  9.99959886E-01  2.28757076E-04
  8.62500000E+00  9.99672331E-01  2.34549683E-04
  8.75000000E+00  1.00005026E+00  2.42134214E-04
  8.87500000E+00  1.00035591E+00  2.43843251E-04
  9.00000000E+00  1.00016931E+00  2.56083886E-04
  9.12500000E+00  9.99998932E-01  2.25393887E-04
  9.25000000E+00  9.99948448E-01  2.13866900E-04
  9.37500000E+00  1.00006880E+00  2.17053379E-04
  9.50000000E+00  9.99932064E-01  2.53702461E-04
  9.62500000E+00  1.00005097E+00  2.32776794E-04
  9.75000000E+00  1.00005559E+00  2.26487516E-04
  9.87500000E+00  1.00021778E+00  2.25540945E-04
  1.00000000E+01  1.00009523E+00  2.25373769E-04
  1.01200000E+01  9.99864443E-01  2.29224171E-04
  1.02500000E+01  9.99852347E-01  2.40055191E-04
  1.03800000E+01  9.99900489E-01  2.55505389E-04
  1.05000000E+01  9.99853573E-01  2.58145185E-04
  1.06200000E+01  9.99798421E-01  2.38706401E-04
  1.07500000E+01  9.99638838E-01  2.42138734E-04
  1.08800000E+01  9.99924979E-01  2.20347188E-04
  1.10000000E+01  1.00000586E+00  2.24540784E-04
  1.11200000E+01  9.99929565E-01  2.18293103E-04
  1.12500000E+01  9.99758373E-01  2.35999048E-04
  1.13800000E+01  9.99831351E-01  2.23806374E-04
  1.15000000E+01  9.99754430E-01  2.20458026E-04
  1.16200000E+01  9.99877689E-01  2.41081113E-04
  1.17500000E+01  1.00023391E+00  2.21153129E-04
  1.18800000E+01  1.00041156E+00  2.21574273E-04
  1.20000000E+01  9.99957640E-01  2.40253077E-04
  1.21200000E+01  9.99771690E-01  2.53886466E-04
  1.22500000E+01  9.99920126E-01  2.34517314E-04
  1.23800000E+01  1.00017637E+00  2.38960763E-04
  1.25000000E+01  9.99849512E-01  2.25103875E-04
  1.26200000E+01  9.99713074E-01  2.20244310E-04
  1.27500000E+01  1.00001276E+00  2.44429657E-04
  1.28800000E+01  9.99799238E-01  2.30532784E-04
  1.30000000E+01  1.00004726E+00  2.21231883E-04
  1.31200000E+01  9.99933452E-01  2.31558892E-04
  1.32500000E+01  1.00024265E+00  2.52785080E-04
  1.33800000E+01  1.00046012E+00  2.18261609E-04
  1.35000000E+01  1.00008654E+00  2.35931094E-04
  1.36200000E+01  1.00001802E+00  2.21875176E-04
  1.37500000E+01  9.99834525E-01  2.14611796E-04
  1.38800000E+01  9.99699948E-01  2.14019140E-04
  1.40000000E+01  9.99847297E-01  2.55383616E-04
  1.41200000E+01  9.99372999E-01  2.45884288E-04
  1.42500000E+01  9.99957865E-01  2.78815085E-04
  1.43800000E+01  9.99997016E-01  2.44006924E-04
  1.45000000E+01  9.99917134E-01  2.28171649E-04
  1.46200000E+01  9.99745808E-01  2.11651307E-04
  1.47500000E+01  1.00007732E+00  2.27104132E-04
  1.48800000E+01  1.00003767E+00  2.27425582E-04
  1.50000000E+01  9.99834884E-01  2.14281775E-04
  1.51200000E+01  1.00006659E+00  2.28780291E-04
  1.52500000E+01  1.00016437E+00  2.35340739E-04
  1.53800000E+01  1.00010828E+00  2.53126020E-04
  1.55000000E+01  1.00011793E+00  2.58825588E-04
  1.56200000E+01  9.99992727E-01  2.56352210E-04
  1.57500000E+01  1.00015695E+00  2.30952571E-04
  1.58800000E+01  1.00015896E+00  2.11798578E-04
  1.60000000E+01  9.99910749E-01  2.35139561E-04
  1.61200000E+01  1.00006606E+00  2.29804155E-04
  1.62500000E+01  9.99902558E-01  2.44011068E-04
  1.63800000E+01  9.99653208E-01  2.39645542E-04
  1.65000000E+01  1.00022884E+00  2.28524791E-04
  1.66200000E+01  1.00004799E+00  2.41053865E-04
  1.67500000E+01  9.99999964E-01  2.27975136E-04
  1.68800000E+01  9.99808986E-01  2.14389491E-04
  1.70000000E+01  9.99732453E-01  2.15879061E-04
  1.71200000E+01  9.99886414E-01  2.30432566E-04
  1.72500000E+01  9.99896545E-01  2.25515317E-04
  1.73800000E+01  9.99878977E-01  2.31346457E-04
  1.75000000E+01  9.99647956E-01  2.18388532E-04
  1.76200000E+01  9.99974570E-01  2.14496580E-04
  1.77500000E+01  9.99695609E-01  2.22511912E-04
  1.78800000E+01  9.99886314E-01  2.23720116E-04
  1.80000000E+01  1.00009995E+00  2.47958198E-04
  1.81200000E+01  1.00001953E+00  2.28607390E-04
  1.82500000E+01  1.00037550E+00  2.53831495E-04
  1.83800000E+01  9.99766398E-01  2.50684390E-04
  1.85000000E+01  1.00020614E+00  2.37680248E-04
  1.86200000E+01  1.00025324E+00  2.25828619E-04
  1.87500000E+01  1.00019889E+00  2.09109914E-04
  1.88800000E+01  1.00032114E+00  2.32062954E-04
  1.90000000E+01  9.99993522E-01  2.42550724E-04
  1.91200000E+01  9.99710373E-01  2.10566578E-04
  1.92500000E+01  1.00002400E+00  2.53262398E-04
  1.93800000E+01  9.99754651E-01  2.34265685E-04
  1.95000000E+01  1.00015115E+00  2.43275594E-04
  1.96200000E+01  9.99545253E-01  2.47062657E-04
  1.97500000E+01  1.00004460E+00  2.33470736E-04
  1.98800000E+01  9.99906680E-01  2.66220814E-04
  2.00000000E+01  9.99901065E-01  2.34921880E-04
  2.01200000E+01  1.00001757E+00  2.26335310E-04
  2.02500000E+01  1.00009022E+00  2.24608909E-04
  2.03800000E+01  9.99744109E-01  2.31878184E-04
  2.05000000E+01  9.99726622E-01  2.31953410E-04
  2.06200000E+01  1.00001119E+00  2.20994674E-04
  2.07500000E+01  1.00010419E+00  2.39753598E-04
  2.08800000E+01  9.99879025E-01  2.53028562E-04
  2.10000000E+01  1.00010666E+00  2.23106902E-04
  2.11200000E+01  9.99988272E-01  2.38330809E-04
  2.12500000E+01  9.99803937E-01  2.46474939E-04
  2.13800000E+01  9.99829249E-01  2.27702232E-04
  2.15000000E+01  9.99569041E-01  2.23194131E-04
  2.16200000E+01  9.99948766E-01  2.31201580E-04
  2.17500000E+01  1.00010133E+00  2.13015584E-04
  2.18800000E+01  9.99990626E-01  2.11111366E-04
  2.20000000E+01  9.99706418E-01  2.12256724E-04
  2.21200000E+01  1.00026868E+00  2.33339808E-04
  2.22500000E+01  9.99985824E-01  2.26671695E-04
  2.23800000E+01  9.99979072E-01  2.29114604E-04
  2.25000000E+01  1.00003715E+00  2.25059917E-04
  2.26200000E+01  1.00023912E+00  2.59457850E-04
  2.27500000E+01  1.00021877E+00  2.22212887E-04
  2.28800000E+01  1.00002130E+00  2.40978136E-04
  2.30000000E+01  9.99537088E-01  2.19447061E-04
  2.31200000E+01  9.99710189E-01  2.53853328E-04
  2.32500000E+01  9.99996523E-01  2.26290864E-04
  2.33800000E+01  1.00004295E+00  2.41968589E-04
  2.35000000E+01  1.00001187E+00  2.32669528E-04
  2.36200000E+01  9.99853751E-01  2.40710123E-04
  2.37500000E+01  9.99924730E-01  2.35487451E-04
  2.38800000E+01  1.00021042E+00  2.63485441E-04
  2.40000000E+01  1.00049032E+00  2.13591541E-04
  2.41200000E+01  9.99906355E-01  2.24280921E-04
  2.42500000E+01  1.00013954E+00  2.37409207E-04
  2.43800000E+01  1.00008455E+00  2.30500207E-04
  2.45000000E+01  9.99860489E-01  2.00643312E-04
  2.46200000E+01  9.99597799E-01  2.27342007E-04
  2.47500000E+01  9.99751076E-01  2.30797611E-04
  2.48800000E+01  9.99705272E-01  2.59829167E-04
